4,45,0,1.0,I,0
4,45,1,1.0,I,0
4,45,2,1.0,I,0
4,45,3,1.0,I,0
4,45,4,1.0,I,0
4,45,5,1.0,I,0
4,45,6,1.0,I,0
4,45,7,1.0,I,0
4,45,8,1.0,I,0
4,45,9,1.0,I,0
4,45,10,1.0,I,0
4,45,11,1.0,I,0
4,45,12,1.0,I,0
4,45,13,1.0,I,0
4,45,14,1.0,I,0
4,45,15,1.0,I,0
4,45,16,1.0,I,0
4,45,17,1.0,I,0
4,45,18,1.0,I,0
4,45,19,1.0,I,0
4,45,20,1.0,I,0
4,45,21,1.0,I,0
4,45,22,1.0,I,0
4,45,23,1.0,I,0
4,45,24,1.0,I,0
4,45,25,1.0,I,0
4,45,26,1.0,I,0
4,45,27,1.0,I,0
4,45,28,1.0,I,0
4,45,29,1.0,I,0
4,45,30,1.0,I,0
4,45,31,1.0,I,0
4,45,32,1.0,I,0
4,45,33,1.0,I,0
4,45,34,1.0,I,0
4,45,35,1.0,I,0
4,45,36,1.0,I,0
4,45,37,1.0,I,0
4,45,38,1.0,I,0
4,45,39,1.0,I,0
4,45,40,1.0,I,0
4,45,41,1.0,I,0
4,45,42,1.0,I,0
4,45,43,1.0,I,0
4,45,44,1.0,I,0
4,45,45,1.0,I,0
4,45,46,1.0,I,0
4,45,47,1.0,I,0
4,45,48,1.0,I,0
4,45,49,1.0,I,0
4,45,50,1.0,I,0
4,45,51,1.0,I,0
4,45,52,1.0,I,0
4,45,53,1.0,I,0
4,45,54,1.0,I,0
4,45,55,1.0,I,0
4,45,56,1.0,I,0
4,45,57,1.0,I,0
4,45,58,1.0,I,0
4,45,59,1.0,I,0
4,45,60,1.0,I,0
4,45,61,1.0,I,0
4,45,62,1.0,I,0
4,45,63,1.0,I,0
4,45,64,1.0,I,0
4,45,65,1.0,I,0
4,45,66,1.0,I,0
4,45,67,1.0,I,0
4,45,68,1.0,I,0
4,45,69,1.0,I,0
4,45,70,1.0,I,0
4,45,71,1.0,I,0
4,45,72,1.0,I,0
4,45,73,1.0,I,0
4,45,74,1.0,I,0
4,45,75,1.0,I,0
4,45,76,1.0,I,0
4,45,77,1.0,I,0
4,45,78,1.0,I,0
4,45,79,1.0,I,0
4,45,80,1.0,I,0
4,45,81,1.0,I,0
4,45,82,1.0,I,0
4,45,83,1.0,I,0
4,45,84,1.0,I,0
4,45,85,1.0,I,0
4,45,86,1.0,I,0
4,45,87,1.0,I,0
4,45,88,1.0,I,0
4,45,89,1.0,I,0
4,45,90,1.0,I,0
4,45,91,1.0,I,0
4,45,92,1.0,I,0
4,45,93,1.0,I,0
4,45,94,1.0,I,0
4,45,95,1.0,I,0
4,45,96,1.0,I,0
4,45,97,1.0,I,0
4,45,98,1.0,I,0
4,45,99,1.0,I,0
4,45,100,1.0,I,0
4,45,101,1.0,I,0
4,45,102,1.0,I,0
4,45,103,1.0,I,0
4,45,104,1.0,I,0
4,45,105,1.0,I,0
4,45,106,1.0,I,0
4,45,107,1.0,I,0
4,45,108,1.0,I,0
4,45,109,1.0,I,0
4,45,110,1.0,I,0
4,45,111,1.0,I,0
4,45,112,1.0,I,0
4,45,113,1.0,I,0
4,45,114,1.0,I,0
4,45,115,1.0,I,0
4,45,116,1.0,I,0
4,45,117,1.0,I,0
4,45,118,1.0,I,0
4,45,119,1.0,I,0
4,45,120,1.0,I,0
4,45,121,1.0,I,0
4,45,122,1.0,I,0
4,45,123,1.0,I,0
4,45,124,1.0,I,0
4,45,125,1.0,I,0
4,45,126,1.0,I,0
4,45,127,1.0,I,0
4,45,128,1.0,I,0
4,45,129,1.0,I,0
4,45,130,1.0,I,0
4,45,131,1.0,I,0
4,45,132,1.0,I,0
4,45,133,1.0,I,0
4,45,134,1.0,I,0
4,45,135,1.0,I,0
4,45,136,1.0,I,0
4,45,137,1.0,I,0
4,45,138,1.0,I,0
4,45,139,1.0,I,0
4,45,140,1.0,I,0
4,45,141,1.0,I,0
4,45,142,1.0,I,0
4,45,143,1.0,I,0
4,45,144,1.0,I,0
4,45,145,1.0,I,0
4,45,146,1.0,I,0
4,45,147,1.0,I,0
4,45,148,1.0,I,0
4,45,149,1.0,I,0
4,45,150,1.0,I,0
4,45,151,1.0,I,0
4,45,152,1.0,I,0
4,45,153,1.0,I,0
4,45,154,1.0,I,0
4,45,155,1.0,I,0
4,45,156,1.0,I,0
4,45,157,1.0,I,0
4,45,158,1.0,I,0
4,45,159,1.0,I,0
4,45,160,1.0,I,0
4,45,161,1.0,I,0
4,45,162,1.0,I,0
4,45,163,1.0,I,0
4,45,164,1.0,I,0
4,45,165,1.0,I,0
4,45,166,1.0,I,0
4,45,167,1.0,I,0
4,45,168,1.0,I,0
4,45,169,1.0,I,0
4,45,170,1.0,I,0
4,45,171,1.0,I,0
4,45,172,1.0,I,0
4,45,173,1.0,I,0
4,45,174,1.0,I,0
4,45,175,1.0,I,0
4,45,176,1.0,I,0
4,45,177,1.0,I,0
4,45,178,1.0,I,0
4,45,179,1.0,I,0
4,45,180,1.0,I,0
4,45,181,1.0,I,0
4,45,182,1.0,I,0
4,45,183,1.0,I,0
4,45,184,1.0,I,0
4,45,185,1.0,I,0
4,45,186,1.0,I,0
4,45,187,1.0,I,0
4,45,188,1.0,I,0
4,45,189,1.0,I,0
4,45,190,1.0,I,0
4,45,191,1.0,I,0
4,45,192,1.0,I,0
4,45,193,1.0,I,0
4,45,194,1.0,I,0
4,45,195,1.0,I,0
4,45,196,1.0,I,0
4,45,197,1.0,I,0
4,45,198,1.0,I,0
4,45,199,1.0,I,0
4,45,200,1.0,I,0
4,45,201,1.0,I,0
4,45,202,1.0,I,0
4,45,203,1.0,I,0
4,45,204,1.0,I,0
4,45,205,1.0,I,0
4,45,206,1.0,I,0
4,45,207,1.0,I,0
4,45,208,1.0,I,0
4,45,209,1.0,I,0
4,45,210,1.0,I,0
4,45,211,1.0,I,0
4,45,212,1.0,I,0
4,45,213,1.0,I,0
4,45,214,1.0,I,0
4,45,215,1.0,I,0
4,45,216,1.0,I,0
4,45,217,1.0,I,0
4,45,218,1.0,I,0
4,45,219,1.0,I,0
4,45,220,1.0,I,0
4,45,221,1.0,I,0
4,45,222,1.0,I,0
4,45,223,1.0,I,0
4,45,224,1.0,I,0
4,45,225,1.0,I,0
4,45,226,1.0,I,0
4,45,227,1.0,I,0
4,45,228,1.0,I,0
4,45,229,1.0,I,0
4,45,230,1.0,I,0
4,45,231,1.0,I,0
4,45,232,1.0,I,0
4,45,233,1.0,I,0
4,45,234,1.0,I,0
4,45,235,1.0,I,0
4,45,236,1.0,I,0
4,45,237,1.0,I,0
4,45,238,1.0,I,0
4,45,239,1.0,I,0
4,45,240,1.0,I,0
4,45,241,1.0,I,0
4,45,242,1.0,I,0
4,45,243,1.0,I,0
4,45,244,1.0,I,0
4,45,245,1.0,I,0
4,45,246,1.0,I,0
4,45,247,1.0,I,0
4,45,248,1.0,I,0
4,45,249,1.0,I,0
4,45,250,1.0,I,0
4,45,251,1.0,I,0
4,45,252,1.0,I,0
4,45,253,1.0,I,0
4,45,254,1.0,I,0
4,45,255,1.0,I,0
4,45,256,1.0,I,0
4,45,257,1.0,I,0
4,45,258,1.0,I,0
4,45,259,1.0,I,0
4,45,260,1.0,I,0
4,45,261,1.0,I,0
4,45,262,1.0,I,0
4,45,263,1.0,I,0
4,45,264,1.0,I,0
4,45,265,1.0,I,0
4,45,266,1.0,I,0
4,45,267,1.0,I,0
4,45,268,1.0,I,0
4,45,269,1.0,I,0
4,45,270,1.0,I,0
4,45,271,1.0,I,0
4,45,272,1.0,I,0
4,45,273,1.0,I,0
4,45,274,1.0,I,0
4,45,275,1.0,I,0
4,45,276,1.0,I,0
4,45,277,1.0,I,0
4,45,278,1.0,I,0
4,45,279,1.0,I,0
4,45,280,1.0,I,0
4,45,281,1.0,I,0
4,45,282,1.0,I,0
4,45,283,1.0,I,0
4,45,284,1.0,I,0
4,45,285,1.0,I,0
4,45,286,1.0,I,0
4,45,287,1.0,I,0
4,45,288,1.0,I,0
4,45,289,1.0,I,0
4,45,290,1.0,I,0
4,45,291,1.0,I,0
4,45,292,1.0,I,0
4,45,293,1.0,I,0
4,45,294,1.0,I,0
4,45,295,1.0,I,0
4,45,296,1.0,I,0
4,45,297,1.0,I,0
4,45,298,1.0,I,0
4,45,299,1.0,I,0
4,45,300,1.0,I,0
4,45,301,1.0,I,0
4,45,302,1.0,I,0
4,45,303,1.0,I,0
4,45,304,1.0,I,0
4,45,305,1.0,I,0
4,45,306,1.0,I,0
4,45,307,1.0,I,0
4,45,308,1.0,I,0
4,45,309,1.0,I,0
4,45,310,1.0,I,0
4,45,311,1.0,I,0
4,45,312,1.0,I,0
4,45,313,1.0,I,0
4,45,314,1.0,I,0
4,45,315,1.0,I,0
4,45,316,1.0,I,0
4,45,317,1.0,I,0
4,45,318,1.0,I,0
4,45,319,1.0,I,0
4,45,320,1.0,I,0
4,45,321,1.0,I,0
4,45,322,1.0,I,0
4,45,323,1.0,I,0
4,45,324,1.0,I,0
4,45,325,1.0,I,0
4,45,326,1.0,I,0
4,45,327,1.0,I,0
4,45,328,1.0,I,0
4,45,329,1.0,I,0
4,45,330,1.0,I,0
4,45,331,1.0,I,0
4,45,332,1.0,I,0
4,45,333,1.0,I,0
4,45,334,1.0,I,0
4,45,335,1.0,I,0
4,45,336,1.0,I,0
4,45,337,1.0,I,0
4,45,338,1.0,I,0
4,45,339,1.0,I,0
4,45,340,1.0,I,0
4,45,341,1.0,I,0
4,45,342,1.0,I,0
4,45,343,1.0,I,0
4,45,344,1.0,I,0
4,45,345,1.0,I,0
4,45,346,1.0,I,0
4,45,347,1.0,I,0
4,45,348,1.0,I,0
4,45,349,1.0,I,0
4,45,350,1.0,I,0
4,45,351,1.0,I,0
4,45,352,1.0,I,0
4,45,353,1.0,I,0
4,45,354,1.0,I,0
4,45,355,1.0,I,0
4,45,356,1.0,I,0
4,45,357,1.0,I,0
4,45,358,1.0,I,0
4,45,359,1.0,I,0
4,45,360,1.0,I,0
4,45,361,1.0,I,0
4,45,362,1.0,I,0
4,45,363,1.0,I,0
4,45,364,1.0,I,0
4,45,365,1.0,I,0
4,45,366,1.0,I,0
4,45,367,1.0,I,0
4,45,368,1.0,I,0
4,45,369,1.0,I,0
4,45,370,1.0,I,0
4,45,371,1.0,I,0
4,45,372,1.0,I,0
4,45,373,1.0,I,0
4,45,374,1.0,I,0
4,45,375,1.0,I,0
4,45,376,1.0,I,0
4,45,377,1.0,I,0
4,45,378,1.0,I,0
4,45,379,1.0,I,0
4,45,380,1.0,I,0
4,45,381,1.0,I,0
4,45,382,1.0,I,0
4,45,383,1.0,I,0
4,45,384,1.0,I,0
4,45,385,1.0,I,0
4,45,386,1.0,I,0
4,45,387,1.0,I,0
4,45,388,1.0,I,0
4,45,389,1.0,I,0
4,45,390,1.0,I,0
4,45,391,1.0,I,0
4,45,392,1.0,I,0
4,45,393,1.0,I,0
4,45,394,1.0,I,0
4,45,395,1.0,I,0
4,45,396,1.0,I,0
4,45,397,1.0,I,0
4,45,398,1.0,I,0
4,45,399,1.0,I,0
4,45,400,1.0,I,0
4,45,401,1.0,I,0
4,45,402,1.0,I,0
4,45,403,1.0,I,0
4,45,404,1.0,I,0
4,45,405,1.0,I,0
4,45,406,1.0,I,0
4,45,407,1.0,I,0
4,45,408,1.0,I,0
4,45,409,1.0,I,0
4,45,410,1.0,I,0
4,45,411,1.0,I,0
4,45,412,1.0,I,0
4,45,413,1.0,I,0
4,45,414,1.0,I,0
4,45,415,1.0,I,0
4,45,416,1.0,I,0
4,45,417,1.0,I,0
4,45,418,1.0,I,0
4,45,419,1.0,I,0
4,45,420,1.0,I,0
4,45,421,1.0,I,0
4,45,422,1.0,I,0
4,45,423,1.0,I,0
4,45,424,1.0,I,0
4,45,425,1.0,I,0
4,45,426,1.0,I,0
4,45,427,1.0,I,0
4,45,428,1.0,I,0
4,45,429,1.0,I,0
4,45,430,1.0,I,0
4,45,431,1.0,I,0
4,45,432,1.0,I,0
4,45,433,1.0,I,0
4,45,434,1.0,I,0
4,45,435,1.0,I,0
4,45,436,1.0,I,0
4,45,437,1.0,I,0
4,45,438,1.0,I,0
4,45,439,1.0,I,0
4,45,440,1.0,I,0
4,45,441,1.0,I,0
4,45,442,1.0,I,0
4,45,443,1.0,I,0
4,45,444,1.0,I,0
4,45,445,1.0,I,0
4,45,446,1.0,I,0
4,45,447,1.0,I,0
4,45,448,1.0,I,0
4,45,449,1.0,I,0
4,45,450,1.0,I,0
4,45,451,1.0,I,0
4,45,452,1.0,I,0
4,45,453,1.0,I,0
4,45,454,1.0,I,0
4,45,455,1.0,I,0
4,45,456,1.0,I,0
4,45,457,1.0,I,0
4,45,458,1.0,I,0
4,45,459,1.0,I,0
4,45,460,1.0,I,0
4,45,461,1.0,I,0
4,45,462,1.0,I,0
4,45,463,1.0,I,0
4,45,464,1.0,I,0
4,45,465,1.0,I,0
4,45,466,1.0,I,0
4,45,467,1.0,I,0
4,45,468,1.0,I,0
4,45,469,1.0,I,0
4,45,470,1.0,I,0
4,45,471,1.0,I,0
4,45,472,1.0,I,0
4,45,473,1.0,I,0
4,45,474,1.0,I,0
4,45,475,1.0,I,0
4,45,476,1.0,I,0
4,45,477,1.0,I,0
4,45,478,1.0,I,0
4,45,479,1.0,I,0
4,45,480,1.0,I,0
4,45,481,1.0,I,0
4,45,482,1.0,I,0
4,45,483,1.0,I,0
4,45,484,1.0,I,0
4,45,485,1.0,I,0
4,45,486,1.0,I,0
4,45,487,1.0,I,0
4,45,488,1.0,I,0
4,45,489,1.0,I,0
4,45,490,1.0,I,0
4,45,491,1.0,I,0
4,45,492,1.0,I,0
4,45,493,1.0,I,0
4,45,494,1.0,I,0
4,45,495,1.0,I,0
4,45,496,1.0,I,0
4,45,497,1.0,I,0
4,45,498,1.0,I,0
4,45,499,1.0,I,0
4,45,500,1.0,I,0
4,45,501,1.0,I,0
4,45,502,1.0,I,0
4,45,503,1.0,I,0
4,45,504,1.0,I,0
4,45,505,1.0,I,0
4,45,506,1.0,I,0
4,45,507,1.0,I,0
4,45,508,1.0,I,0
4,45,509,1.0,I,0
4,45,510,1.0,I,0
4,45,511,1.0,I,0
4,45,512,1.0,I,0
4,45,513,1.0,I,0
4,45,514,1.0,I,0
4,45,515,1.0,I,0
4,45,516,1.0,I,0
4,45,517,1.0,I,0
4,45,518,1.0,I,0
4,45,519,1.0,I,0
4,45,520,1.0,I,0
4,45,521,1.0,I,0
4,45,522,1.0,I,0
4,45,523,1.0,I,0
4,45,524,1.0,I,0
4,45,525,1.0,I,0
4,45,526,1.0,I,0
4,45,527,1.0,I,0
4,45,528,1.0,I,0
4,45,529,1.0,I,0
4,45,530,1.0,I,0
4,45,531,1.0,I,0
4,45,532,1.0,I,0
4,45,533,1.0,I,0
4,45,534,1.0,I,0
4,45,535,1.0,I,0
4,45,536,1.0,I,0
4,45,537,1.0,I,0
4,45,538,1.0,I,0
4,45,539,1.0,I,0
4,45,540,1.0,I,0
4,45,541,1.0,I,0
4,45,542,1.0,I,0
4,45,543,1.0,I,0
4,45,544,1.0,I,0
4,45,545,1.0,I,0
4,45,546,1.0,I,0
4,45,547,1.0,I,0
4,45,548,1.0,I,0
4,45,549,1.0,I,0
4,45,550,1.0,I,0
4,45,551,1.0,I,0
4,45,552,1.0,I,0
4,45,553,1.0,I,0
4,45,554,1.0,I,0
4,45,555,1.0,I,0
4,45,556,1.0,I,0
4,45,557,1.0,I,0
4,45,558,1.0,I,0
4,45,559,1.0,I,0
4,45,560,1.0,I,0
4,45,561,1.0,I,0
4,45,562,1.0,I,0
4,45,563,1.0,I,0
4,45,564,1.0,I,0
4,45,565,1.0,I,0
4,45,566,1.0,I,0
4,45,567,1.0,I,0
4,45,568,1.0,I,0
4,45,569,1.0,I,0
4,45,570,1.0,I,0
4,45,571,1.0,I,0
4,45,572,1.0,I,0
4,45,573,1.0,I,0
4,45,574,1.0,I,0
4,45,575,1.0,I,0
4,45,576,1.0,I,0
4,45,577,1.0,I,0
4,45,578,1.0,I,0
4,45,579,1.0,I,0
4,45,580,1.0,I,0
4,45,581,1.0,I,0
4,45,582,1.0,I,0
4,45,583,1.0,I,0
4,45,584,1.0,I,0
4,45,585,1.0,I,0
4,45,586,1.0,I,0
4,45,587,1.0,I,0
4,45,588,1.0,I,0
4,45,589,1.0,I,0
4,45,590,1.0,I,0
4,45,591,1.0,I,0
4,45,592,1.0,I,0
4,45,593,1.0,I,0
4,45,594,1.0,I,0
4,45,595,1.0,I,0
4,45,596,1.0,I,0
4,45,597,1.0,I,0
4,45,598,1.0,I,0
4,45,599,1.0,I,0
4,45,600,1.0,I,0
4,45,601,1.0,I,0
4,45,602,1.0,I,0
4,45,603,1.0,I,0
4,45,604,1.0,I,0
4,45,605,1.0,I,0
4,45,606,1.0,I,0
4,45,607,1.0,I,0
4,45,608,1.0,I,0
4,45,609,1.0,I,0
4,45,610,1.0,I,0
4,45,611,1.0,I,0
4,45,612,1.0,I,0
4,45,613,1.0,I,0
4,45,614,1.0,I,0
4,45,615,1.0,I,0
4,45,616,1.0,I,0
4,45,617,1.0,I,0
4,45,618,1.0,I,0
4,45,619,1.0,I,0
4,45,620,1.0,I,0
4,45,621,1.0,I,0
4,45,622,1.0,I,0
4,45,623,1.0,I,0
4,45,624,1.0,I,0
4,45,625,1.0,I,0
4,45,626,1.0,I,0
4,45,627,1.0,I,0
4,45,628,1.0,I,0
4,45,629,1.0,I,0
4,45,630,1.0,I,0
4,45,631,1.0,I,0
4,45,632,1.0,I,0
4,45,633,1.0,I,0
4,45,634,1.0,I,0
4,45,635,1.0,I,0
4,45,636,1.0,I,0
4,45,637,1.0,I,0
4,45,638,1.0,I,0
4,45,639,1.0,I,0
4,45,640,1.0,I,0
4,45,641,1.0,I,0
4,45,642,1.0,I,0
4,45,643,1.0,I,0
4,45,644,1.0,I,0
4,45,645,1.0,I,0
4,45,646,1.0,I,0
4,45,647,1.0,I,0
4,45,648,1.0,I,0
4,45,649,1.0,I,0
4,45,650,1.0,I,0
4,45,651,1.0,I,0
4,45,652,1.0,I,0
4,45,653,1.0,I,0
4,45,654,1.0,I,0
4,45,655,1.0,I,0
4,45,656,1.0,I,0
4,45,657,1.0,I,0
4,45,658,1.0,I,0
4,45,659,1.0,I,0
4,45,660,1.0,I,0
4,45,661,1.0,I,0
4,45,662,1.0,I,0
4,45,663,1.0,I,0
4,45,664,1.0,I,0
4,45,665,1.0,I,0
4,45,666,1.0,I,0
4,45,667,1.0,I,0
4,45,668,1.0,I,0
4,45,669,1.0,I,0
4,45,670,1.0,I,0
4,45,671,1.0,I,0
4,45,672,1.0,I,0
4,45,673,1.0,I,0
4,45,674,1.0,I,0
4,45,675,1.0,I,0
4,45,676,1.0,I,0
4,45,677,1.0,I,0
4,45,678,1.0,I,0
4,45,679,1.0,I,0
4,45,680,1.0,I,0
4,45,681,1.0,I,0
4,45,682,1.0,I,0
4,45,683,1.0,I,0
4,45,684,1.0,I,0
4,45,685,1.0,I,0
4,45,686,1.0,I,0
4,45,687,1.0,I,0
4,45,688,1.0,I,0
4,45,689,1.0,I,0
4,45,690,1.0,I,0
4,45,691,1.0,I,0
4,45,692,1.0,I,0
4,45,693,1.0,I,0
4,45,694,1.0,I,0
4,45,695,1.0,I,0
4,45,696,1.0,I,0
4,45,697,1.0,I,0
4,45,698,1.0,I,0
4,45,699,1.0,I,0
4,45,700,1.0,I,0
4,45,701,1.0,I,0
4,45,702,1.0,I,0
4,45,703,1.0,I,0
4,45,704,1.0,I,0
4,45,705,1.0,I,0
4,45,706,1.0,I,0
4,45,707,1.0,I,0
4,45,708,1.0,I,0
4,45,709,1.0,I,0
4,45,710,1.0,I,0
4,45,711,1.0,I,0
4,45,712,1.0,I,0
4,45,713,1.0,I,0
4,45,714,1.0,I,0
4,45,715,1.0,I,0
4,45,716,1.0,I,0
4,45,717,1.0,I,0
4,45,718,1.0,I,0
4,45,719,1.0,I,0
4,45,720,1.0,I,0
4,45,721,1.0,I,0
4,45,722,1.0,I,0
4,45,723,1.0,I,0
4,45,724,1.0,I,0
4,45,725,1.0,I,0
4,45,726,1.0,I,0
4,45,727,1.0,I,0
4,45,728,1.0,I,0
4,45,729,1.0,I,0
4,45,730,1.0,I,0
4,45,731,1.0,I,0
4,45,732,1.0,I,0
4,45,733,1.0,I,0
4,45,734,1.0,I,0
4,45,735,1.0,I,0
4,45,736,1.0,I,0
4,45,737,1.0,I,0
4,45,738,1.0,I,0
4,45,739,1.0,I,0
4,45,740,1.0,I,0
4,45,741,1.0,I,0
4,45,742,1.0,I,0
4,45,743,1.0,I,0
4,45,744,1.0,I,0
4,45,745,1.0,I,0
4,45,746,1.0,I,0
4,45,747,1.0,I,0
4,45,748,1.0,I,0
4,45,749,1.0,I,0
4,45,750,1.0,I,0
4,45,751,1.0,I,0
4,45,752,1.0,I,0
4,45,753,1.0,I,0
4,45,754,1.0,I,0
4,45,755,1.0,I,0
4,45,756,1.0,I,0
4,45,757,1.0,I,0
4,45,758,1.0,I,0
4,45,759,1.0,I,0
4,45,760,1.0,I,0
4,45,761,1.0,I,0
4,45,762,1.0,I,0
4,45,763,1.0,I,0
4,45,764,1.0,I,0
4,45,765,1.0,I,0
4,45,766,1.0,I,0
4,45,767,1.0,I,0
4,45,768,1.0,I,0
4,45,769,1.0,I,0
4,45,770,1.0,I,0
4,45,771,1.0,I,0
4,45,772,1.0,I,0
4,45,773,1.0,I,0
4,45,774,1.0,I,0
4,45,775,1.0,I,0
4,45,776,1.0,I,0
4,45,777,1.0,I,0
4,45,778,1.0,I,0
4,45,779,1.0,I,0
4,45,780,1.0,I,0
4,45,781,1.0,I,0
4,45,782,1.0,I,0
4,45,783,1.0,I,0
4,45,784,1.0,I,0
4,45,785,1.0,I,0
4,45,786,1.0,I,0
4,45,787,1.0,I,0
4,45,788,1.0,I,0
4,45,789,1.0,I,0
4,45,790,1.0,I,0
4,45,791,1.0,I,0
4,45,792,1.0,I,0
4,45,793,1.0,I,0
4,45,794,1.0,I,0
4,45,795,1.0,I,0
4,45,796,1.0,I,0
4,45,797,1.0,I,0
4,45,798,1.0,I,0
4,45,799,1.0,I,0
4,45,800,1.0,I,0
4,45,801,1.0,I,0
4,45,802,1.0,I,0
4,45,803,1.0,I,0
4,45,804,1.0,I,0
4,45,805,1.0,I,0
4,45,806,1.0,I,0
4,45,807,1.0,I,0
4,45,808,1.0,I,0
4,45,809,1.0,I,0
4,45,810,1.0,I,0
4,45,811,1.0,I,0
4,45,812,1.0,I,0
4,45,813,1.0,I,0
4,45,814,1.0,I,0
4,45,815,1.0,I,0
4,45,816,1.0,I,0
4,45,817,1.0,I,0
4,45,818,1.0,I,0
4,45,819,1.0,I,0
4,45,820,1.0,I,0
4,45,821,1.0,I,0
4,45,822,1.0,I,0
4,45,823,1.0,I,0
4,45,824,1.0,I,0
4,45,825,1.0,I,0
4,45,826,1.0,I,0
4,45,827,1.0,I,0
4,45,828,1.0,I,0
4,45,829,1.0,I,0
4,45,830,1.0,I,0
4,45,831,1.0,I,0
4,45,832,1.0,I,0
4,45,833,1.0,I,0
4,45,834,1.0,I,0
4,45,835,1.0,I,0
4,45,836,1.0,I,0
4,45,837,1.0,I,0
4,45,838,1.0,I,0
4,45,839,1.0,I,0
4,45,840,1.0,I,0
4,45,841,1.0,I,0
4,45,842,1.0,I,0
4,45,843,1.0,I,0
4,45,844,1.0,I,0
4,45,845,1.0,I,0
4,45,846,1.0,I,0
4,45,847,1.0,I,0
4,45,848,1.0,I,0
4,45,849,1.0,I,0
4,45,850,1.0,I,0
4,45,851,1.0,I,0
4,45,852,1.0,I,0
4,45,853,1.0,I,0
4,45,854,1.0,I,0
4,45,855,1.0,I,0
4,45,856,1.0,I,0
4,45,857,1.0,I,0
4,45,858,1.0,I,0
4,45,859,1.0,I,0
4,45,860,1.0,I,0
4,45,861,1.0,I,0
4,45,862,1.0,I,0
4,45,863,1.0,I,0
4,45,864,1.0,I,0
4,45,865,1.0,I,0
4,45,866,1.0,I,0
4,45,867,1.0,I,0
4,45,868,1.0,I,0
4,45,869,1.0,I,0
4,45,870,1.0,I,0
4,45,871,1.0,I,0
4,45,872,1.0,I,0
4,45,873,1.0,I,0
4,45,874,1.0,I,0
4,45,875,1.0,I,0
4,45,876,1.0,I,0
4,45,877,1.0,I,0
4,45,878,1.0,I,0
4,45,879,1.0,I,0
4,45,880,1.0,I,0
4,45,881,1.0,I,0
4,45,882,1.0,I,0
4,45,883,1.0,I,0
4,45,884,1.0,I,0
4,45,885,1.0,I,0
4,45,886,1.0,I,0
4,45,887,1.0,I,0
4,45,888,1.0,I,0
4,45,889,1.0,I,0
4,45,890,1.0,I,0
4,45,891,1.0,I,0
4,45,892,1.0,I,0
4,45,893,1.0,I,0
4,45,894,1.0,I,0
4,45,895,1.0,I,0
4,45,896,1.0,I,0
4,45,897,1.0,I,0
4,45,898,1.0,I,0
4,45,899,1.0,I,0
4,45,900,1.0,I,0
4,45,901,1.0,I,0
4,45,902,1.0,I,0
4,45,903,1.0,I,0
4,45,904,1.0,I,0
4,45,905,1.0,I,0
4,45,906,1.0,I,0
4,45,907,1.0,I,0
4,45,908,1.0,I,0
4,45,909,1.0,I,0
4,45,910,1.0,I,0
4,45,911,1.0,I,0
4,45,912,1.0,I,0
4,45,913,1.0,I,0
4,45,914,1.0,I,0
4,45,915,1.0,I,0
4,45,916,1.0,I,0
4,45,917,1.0,I,0
4,45,918,1.0,I,0
4,45,919,1.0,I,0
4,45,920,1.0,I,0
4,45,921,1.0,I,0
4,45,922,1.0,I,0
4,45,923,1.0,I,0
4,45,924,1.0,I,0
4,45,925,1.0,I,0
4,45,926,1.0,I,0
4,45,927,1.0,I,0
4,45,928,1.0,I,0
4,45,929,1.0,I,0
4,45,930,1.0,I,0
4,45,931,1.0,I,0
4,45,932,1.0,I,0
4,45,933,1.0,I,0
4,45,934,1.0,I,0
4,45,935,1.0,I,0
4,45,936,1.0,I,0
4,45,937,1.0,I,0
4,45,938,1.0,I,0
4,45,939,1.0,I,0
4,45,940,1.0,I,0
4,45,941,1.0,I,0
4,45,942,1.0,I,0
4,45,943,1.0,I,0
4,45,944,1.0,I,0
4,45,945,1.0,I,0
4,45,946,1.0,I,0
4,45,947,1.0,I,0
4,45,948,1.0,I,0
4,45,949,1.0,I,0
4,45,950,1.0,I,0
4,45,951,1.0,I,0
4,45,952,1.0,I,0
4,45,953,1.0,I,0
4,45,954,1.0,I,0
4,45,955,1.0,I,0
4,45,956,1.0,I,0
4,45,957,1.0,I,0
4,45,958,1.0,I,0
4,45,959,1.0,I,0
4,45,960,1.0,I,0
4,45,961,1.0,I,0
4,45,962,1.0,I,0
4,45,963,1.0,I,0
4,45,964,1.0,I,0
4,45,965,1.0,I,0
4,45,966,1.0,I,0
4,45,967,1.0,I,0
4,45,968,1.0,I,0
4,45,969,1.0,I,0
4,45,970,1.0,I,0
4,45,971,1.0,I,0
4,45,972,1.0,I,0
4,45,973,1.0,I,0
4,45,974,1.0,I,0
4,45,975,1.0,I,0
4,45,976,1.0,I,0
4,45,977,1.0,I,0
4,45,978,1.0,I,0
4,45,979,1.0,I,0
4,45,980,1.0,I,0
4,45,981,1.0,I,0
4,45,982,1.0,I,0
4,45,983,1.0,I,0
4,45,984,1.0,I,0
4,45,985,1.0,I,0
4,45,986,1.0,I,0
4,45,987,1.0,I,0
4,45,988,1.0,I,0
4,45,989,1.0,I,0
4,45,990,1.0,I,0
4,45,991,1.0,I,0
4,45,992,1.0,I,0
4,45,993,1.0,I,0
4,45,994,1.0,I,0
4,45,995,1.0,I,0
4,45,996,1.0,I,0
4,45,997,1.0,I,0
4,45,998,1.0,I,0
4,45,999,1.0,I,0
4,45,1000,1.0,I,0
4,45,1001,1.0,I,0
4,45,1002,1.0,I,0
4,45,1003,1.0,I,0
4,45,1004,1.0,I,0
4,45,1005,1.0,I,0
4,45,1006,1.0,I,0
4,45,1007,1.0,I,0
4,45,1008,1.0,I,0
4,45,1009,1.0,I,0
4,45,1010,1.0,I,0
4,45,1011,1.0,I,0
4,45,1012,1.0,I,0
4,45,1013,1.0,I,0
4,45,1014,1.0,I,0
4,45,1015,1.0,I,0
4,45,1016,1.0,I,0
4,45,1017,1.0,I,0
4,45,1018,1.0,I,0
4,45,1019,1.0,I,0
4,45,1020,1.0,I,0
4,45,1021,1.0,I,0
4,45,1022,1.0,I,0
4,45,1023,1.0,I,0
4,45,1024,1.0,I,0
4,45,1025,1.0,I,0
4,45,1026,1.0,I,0
4,45,1027,1.0,I,0
4,45,1028,1.0,I,0
4,45,1029,1.0,I,0
4,45,1030,1.0,I,0
4,45,1031,1.0,I,0
4,45,1032,1.0,I,0
4,45,1033,1.0,I,0
4,45,1034,1.0,I,0
4,45,1035,1.0,I,0
4,45,1036,1.0,I,0
4,45,1037,1.0,I,0
4,45,1038,1.0,I,0
4,45,1039,1.0,I,0
4,45,1040,1.0,I,0
4,45,1041,1.0,I,0
4,45,1042,1.0,I,0
4,45,1043,1.0,I,0
4,45,1044,1.0,I,0
4,45,1045,1.0,I,0
4,45,1046,1.0,I,0
4,45,1047,1.0,I,0
4,45,1048,1.0,I,0
4,45,1049,1.0,I,0
4,45,1050,1.0,I,0
4,45,1051,1.0,I,0
4,45,1052,1.0,I,0
4,45,1053,1.0,I,0
4,45,1054,1.0,I,0
4,45,1055,1.0,I,0
4,45,1056,1.0,I,0
4,45,1057,1.0,I,0
4,45,1058,1.0,I,0
4,45,1059,1.0,I,0
4,45,1060,1.0,I,0
4,45,1061,1.0,I,0
4,45,1062,1.0,I,0
4,45,1063,1.0,I,0
4,45,1064,1.0,I,0
4,45,1065,1.0,I,0
4,45,1066,1.0,I,0
4,45,1067,1.0,I,0
4,45,1068,1.0,I,0
4,45,1069,1.0,I,0
4,45,1070,1.0,I,0
4,45,1071,1.0,I,0
4,45,1072,1.0,I,0
4,45,1073,1.0,I,0
4,45,1074,1.0,I,0
4,45,1075,1.0,I,0
4,45,1076,1.0,I,0
4,45,1077,1.0,I,0
4,45,1078,1.0,I,0
4,45,1079,1.0,I,0
4,45,1080,1.0,I,0
4,45,1081,1.0,I,0
4,45,1082,1.0,I,0
4,45,1083,1.0,I,0
4,45,1084,1.0,I,0
4,45,1085,1.0,I,0
4,45,1086,1.0,I,0
4,45,1087,1.0,I,0
4,45,1088,1.0,I,0
4,45,1089,1.0,I,0
4,45,1090,1.0,I,0
4,45,1091,1.0,I,0
4,45,1092,1.0,I,0
4,45,1093,1.0,I,0
4,45,1094,1.0,I,0
4,45,1095,1.0,I,0
4,45,1096,1.0,I,0
4,45,1097,1.0,I,0
4,45,1098,1.0,I,0
4,45,1099,1.0,I,0
4,45,1100,1.0,I,0
4,45,1101,1.0,I,0
4,45,1102,1.0,I,0
4,45,1103,1.0,I,0
4,45,1104,1.0,I,0
4,45,1105,1.0,I,0
4,45,1106,1.0,I,0
4,45,1107,1.0,I,0
4,45,1108,1.0,I,0
4,45,1109,1.0,I,0
4,45,1110,1.0,I,0
4,45,1111,1.0,I,0
4,45,1112,1.0,I,0
4,45,1113,1.0,I,0
4,45,1114,1.0,I,0
4,45,1115,1.0,I,0
4,45,1116,1.0,I,0
4,45,1117,1.0,I,0
4,45,1118,1.0,I,0
4,45,1119,1.0,I,0
4,45,1120,1.0,I,0
4,45,1121,1.0,I,0
4,45,1122,1.0,I,0
4,45,1123,1.0,I,0
4,45,1124,1.0,I,0
4,45,1125,1.0,I,0
4,45,1126,1.0,I,0
4,45,1127,1.0,I,0
4,45,1128,1.0,I,0
4,45,1129,1.0,I,0
4,45,1130,1.0,I,0
4,45,1131,1.0,I,0
4,45,1132,1.0,I,0
4,45,1133,1.0,I,0
4,45,1134,1.0,I,0
4,45,1135,1.0,I,0
4,45,1136,1.0,I,0
4,45,1137,1.0,I,0
4,45,1138,1.0,I,0
4,45,1139,1.0,I,0
4,45,1140,1.0,I,0
4,45,1141,1.0,I,0
4,45,1142,1.0,I,0
4,45,1143,1.0,I,0
4,45,1144,1.0,I,0
4,45,1145,1.0,I,0
4,45,1146,1.0,I,0
4,45,1147,1.0,I,0
4,45,1148,1.0,I,0
4,45,1149,1.0,I,0
4,45,1150,1.0,I,0
4,45,1151,1.0,I,0
4,45,1152,1.0,I,0
4,45,1153,1.0,I,0
4,45,1154,1.0,I,0
4,45,1155,1.0,I,0
4,45,1156,1.0,I,0
4,45,1157,1.0,I,0
4,45,1158,1.0,I,0
4,45,1159,1.0,I,0
4,45,1160,1.0,I,0
4,45,1161,1.0,I,0
4,45,1162,1.0,I,0
4,45,1163,1.0,I,0
4,45,1164,1.0,I,0
4,45,1165,1.0,I,0
4,45,1166,1.0,I,0
4,45,1167,1.0,I,0
4,45,1168,1.0,I,0
4,45,1169,1.0,I,0
4,45,1170,1.0,I,0
4,45,1171,1.0,I,0
4,45,1172,1.0,I,0
4,45,1173,1.0,I,0
4,45,1174,1.0,I,0
4,45,1175,1.0,I,0
4,45,1176,1.0,I,0
4,45,1177,1.0,I,0
4,45,1178,1.0,I,0
4,45,1179,1.0,I,0
4,45,1180,1.0,I,0
4,45,1181,1.0,I,0
4,45,1182,1.0,I,0
4,45,1183,1.0,I,0
4,45,1184,1.0,I,0
4,45,1185,1.0,I,0
4,45,1186,1.0,I,0
4,45,1187,1.0,I,0
4,45,1188,1.0,I,0
4,45,1189,1.0,I,0
4,45,1190,1.0,I,0
4,45,1191,1.0,I,0
4,45,1192,1.0,I,0
4,45,1193,1.0,I,0
4,45,1194,1.0,I,0
4,45,1195,1.0,I,0
4,45,1196,1.0,I,0
4,45,1197,1.0,I,0
4,45,1198,1.0,I,0
4,45,1199,1.0,I,0
4,45,1200,1.0,I,0
4,45,1201,1.0,I,0
4,45,1202,1.0,I,0
4,45,1203,1.0,I,0
4,45,1204,1.0,I,0
4,45,1205,1.0,I,0
4,45,1206,1.0,I,0
4,45,1207,1.0,I,0
4,45,1208,1.0,I,0
4,45,1209,1.0,I,0
4,45,1210,1.0,I,0
4,45,1211,1.0,I,0
4,45,1212,1.0,I,0
4,45,1213,1.0,I,0
4,45,1214,1.0,I,0
4,45,1215,1.0,I,0
4,45,1216,1.0,I,0
4,45,1217,1.0,I,0
4,45,1218,1.0,I,0
4,45,1219,1.0,I,0
4,45,1220,1.0,I,0
4,45,1221,1.0,I,0
4,45,1222,1.0,I,0
4,45,1223,1.0,I,0
4,45,1224,1.0,I,0
4,45,1225,1.0,I,0
4,45,1226,1.0,I,0
4,45,1227,1.0,I,0
4,45,1228,1.0,I,0
4,45,1229,1.0,I,0
4,45,1230,1.0,I,0
4,45,1231,1.0,I,0
4,45,1232,1.0,I,0
4,45,1233,1.0,I,0
4,45,1234,1.0,I,0
4,45,1235,1.0,I,0
4,45,1236,1.0,I,0
4,45,1237,1.0,I,0
4,45,1238,1.0,I,0
4,45,1239,1.0,I,0
4,45,1240,1.0,I,0
4,45,1241,1.0,I,0
4,45,1242,1.0,I,0
4,45,1243,1.0,I,0
4,45,1244,1.0,I,0
4,45,1245,1.0,I,0
4,45,1246,1.0,I,0
4,45,1247,1.0,I,0
4,45,1248,1.0,I,0
4,45,1249,1.0,I,0
4,45,1250,1.0,I,0
4,45,1251,1.0,I,0
4,45,1252,1.0,I,0
4,45,1253,1.0,I,0
4,45,1254,1.0,I,0
4,45,1255,1.0,I,0
4,45,1256,1.0,I,0
4,45,1257,1.0,I,0
4,45,1258,1.0,I,0
4,45,1259,1.0,I,0
4,45,1260,1.0,I,0
4,45,1261,1.0,I,0
4,45,1262,1.0,I,0
4,45,1263,1.0,I,0
4,45,1264,1.0,I,0
4,45,1265,1.0,I,0
4,45,1266,1.0,I,0
4,45,1267,1.0,I,0
4,45,1268,1.0,I,0
4,45,1269,1.0,I,0
4,45,1270,1.0,I,0
4,45,1271,1.0,I,0
4,45,1272,1.0,I,0
4,45,1273,1.0,I,0
4,45,1274,1.0,I,0
4,45,1275,1.0,I,0
4,45,1276,1.0,I,0
4,45,1277,1.0,I,0
4,45,1278,1.0,I,0
4,45,1279,1.0,I,0
4,45,1280,1.0,I,0
4,45,1281,1.0,I,0
4,45,1282,1.0,I,0
4,45,1283,1.0,I,0
4,45,1284,1.0,I,0
4,45,1285,1.0,I,0
4,45,1286,1.0,I,0
4,45,1287,1.0,I,0
4,45,1288,1.0,I,0
4,45,1289,1.0,I,0
4,45,1290,1.0,I,0
4,45,1291,1.0,I,0
4,45,1292,1.0,I,0
4,45,1293,1.0,I,0
4,45,1294,1.0,I,0
4,45,1295,1.0,I,0
4,45,1296,1.0,I,0
4,45,1297,1.0,I,0
4,45,1298,1.0,I,0
4,45,1299,1.0,I,0
4,45,1300,1.0,I,0
4,45,1301,1.0,I,0
4,45,1302,1.0,I,0
4,45,1303,1.0,I,0
4,45,1304,1.0,I,0
4,45,1305,1.0,I,0
4,45,1306,1.0,I,0
4,45,1307,1.0,I,0
4,45,1308,1.0,I,0
4,45,1309,1.0,I,0
4,45,1310,1.0,I,0
4,45,1311,1.0,I,0
4,45,1312,1.0,I,0
4,45,1313,1.0,I,0
4,45,1314,1.0,I,0
4,45,1315,1.0,I,0
4,45,1316,1.0,I,0
4,45,1317,1.0,I,0
4,45,1318,1.0,I,0
4,45,1319,1.0,I,0
4,45,1320,1.0,I,0
4,45,1321,1.0,I,0
4,45,1322,1.0,I,0
4,45,1323,1.0,I,0
4,45,1324,1.0,I,0
4,45,1325,1.0,I,0
4,45,1326,1.0,I,0
4,45,1327,1.0,I,0
4,45,1328,1.0,I,0
4,45,1329,1.0,I,0
4,45,1330,1.0,I,0
4,45,1331,1.0,I,0
4,45,1332,1.0,I,0
4,45,1333,1.0,I,0
4,45,1334,1.0,I,0
4,45,1335,1.0,I,0
4,45,1336,1.0,I,0
4,45,1337,1.0,I,0
4,45,1338,1.0,I,0
4,45,1339,1.0,I,0
4,45,1340,1.0,I,0
4,45,1341,1.0,I,0
4,45,1342,1.0,I,0
4,45,1343,1.0,I,0
4,45,1344,1.0,I,0
4,45,1345,1.0,I,0
4,45,1346,1.0,I,0
4,45,1347,1.0,I,0
4,45,1348,1.0,I,0
4,45,1349,1.0,I,0
4,45,1350,1.0,I,0
4,45,1351,1.0,I,0
4,45,1352,1.0,I,0
4,45,1353,1.0,I,0
4,45,1354,1.0,I,0
4,45,1355,1.0,I,0
4,45,1356,1.0,I,0
4,45,1357,1.0,I,0
4,45,1358,1.0,I,0
4,45,1359,1.0,I,0
4,45,1360,1.0,I,0
4,45,1361,1.0,I,0
4,45,1362,1.0,I,0
4,45,1363,1.0,I,0
4,45,1364,1.0,I,0
4,45,1365,1.0,I,0
4,45,1366,1.0,I,0
4,45,1367,1.0,I,0
4,45,1368,1.0,I,0
4,45,1369,1.0,I,0
4,45,1370,1.0,I,0
4,45,1371,1.0,I,0
4,45,1372,1.0,I,0
4,45,1373,1.0,I,0
4,45,1374,1.0,I,0
4,45,1375,1.0,I,0
4,45,1376,1.0,I,0
4,45,1377,1.0,I,0
4,45,1378,1.0,I,0
4,45,1379,1.0,I,0
4,45,1380,1.0,I,0
4,45,1381,1.0,I,0
4,45,1382,1.0,I,0
4,45,1383,1.0,I,0
4,45,1384,1.0,I,0
4,45,1385,1.0,I,0
4,45,1386,1.0,I,0
4,45,1387,1.0,I,0
4,45,1388,1.0,I,0
4,45,1389,1.0,I,0
4,45,1390,1.0,I,0
4,45,1391,1.0,I,0
4,45,1392,1.0,I,0
4,45,1393,1.0,I,0
4,45,1394,1.0,I,0
4,45,1395,1.0,I,0
4,45,1396,1.0,I,0
4,45,1397,1.0,I,0
4,45,1398,1.0,I,0
4,45,1399,1.0,I,0
4,45,1400,1.0,I,0
4,45,1401,1.0,I,0
4,45,1402,1.0,I,0
4,45,1403,1.0,I,0
4,45,1404,1.0,I,0
4,45,1405,1.0,I,0
4,45,1406,1.0,I,0
4,45,1407,1.0,I,0
4,45,1408,1.0,I,0
4,45,1409,1.0,I,0
4,45,1410,1.0,I,0
4,45,1411,1.0,I,0
4,45,1412,1.0,I,0
4,45,1413,1.0,I,0
4,45,1414,1.0,I,0
4,45,1415,1.0,I,0
4,45,1416,1.0,I,0
4,45,1417,1.0,I,0
4,45,1418,1.0,I,0
4,45,1419,1.0,I,0
4,45,1420,1.0,I,0
4,45,1421,1.0,I,0
4,45,1422,1.0,I,0
4,45,1423,1.0,I,0
4,45,1424,1.0,I,0
4,45,1425,1.0,I,0
4,45,1426,1.0,I,0
4,45,1427,1.0,I,0
4,45,1428,1.0,I,0
4,45,1429,1.0,I,0
4,45,1430,1.0,I,0
4,45,1431,1.0,I,0
4,45,1432,1.0,I,0
4,45,1433,1.0,I,0
4,45,1434,1.0,I,0
4,45,1435,1.0,I,0
4,45,1436,1.0,I,0
4,45,1437,1.0,I,0
4,45,1438,1.0,I,0
4,45,1439,1.0,I,0
4,45,1440,1.0,I,0
4,45,1441,1.0,I,0
4,45,1442,1.0,I,0
4,45,1443,1.0,I,0
4,45,1444,1.0,I,0
4,45,1445,1.0,I,0
4,45,1446,1.0,I,0
4,45,1447,1.0,I,0
4,45,1448,1.0,I,0
4,45,1449,1.0,I,0
4,45,1450,1.0,I,0
4,45,1451,1.0,I,0
4,45,1452,1.0,I,0
4,45,1453,1.0,I,0
4,45,1454,1.0,I,0
4,45,1455,1.0,I,0
4,45,1456,1.0,I,0
4,45,1457,1.0,I,0
4,45,1458,1.0,I,0
4,45,1459,1.0,I,0
4,45,1460,1.0,I,0
4,45,1461,1.0,I,0
4,45,1462,1.0,I,0
4,45,1463,1.0,I,0
4,45,1464,1.0,I,0
4,45,1465,1.0,I,0
4,45,1466,1.0,I,0
4,45,1467,1.0,I,0
4,45,1468,1.0,I,0
4,45,1469,1.0,I,0
4,45,1470,1.0,I,0
4,45,1471,1.0,I,0
4,45,1472,1.0,I,0
4,45,1473,1.0,I,0
4,45,1474,1.0,I,0
4,45,1475,1.0,I,0
4,45,1476,1.0,I,0
4,45,1477,1.0,I,0
4,45,1478,1.0,I,0
4,45,1479,1.0,I,0
4,45,1480,1.0,I,0
4,45,1481,1.0,I,0
4,45,1482,1.0,I,0
4,45,1483,1.0,I,0
4,45,1484,1.0,I,0
4,45,1485,1.0,I,0
4,45,1486,1.0,I,0
4,45,1487,1.0,I,0
4,45,1488,1.0,I,0
4,45,1489,1.0,I,0
4,45,1490,1.0,I,0
4,45,1491,1.0,I,0
4,45,1492,1.0,I,0
4,45,1493,1.0,I,0
4,45,1494,1.0,I,0
4,45,1495,1.0,I,0
4,45,1496,1.0,I,0
4,45,1497,1.0,I,0
4,45,1498,1.0,I,0
4,45,1499,1.0,I,0
4,45,1500,1.0,I,0
4,45,1501,1.0,I,0
4,45,1502,1.0,I,0
4,45,1503,1.0,I,0
4,45,1504,1.0,I,0
4,45,1505,1.0,I,0
4,45,1506,1.0,I,0
4,45,1507,1.0,I,0
4,45,1508,1.0,I,0
4,45,1509,1.0,I,0
4,45,1510,1.0,I,0
4,45,1511,1.0,I,0
4,45,1512,1.0,I,0
4,45,1513,1.0,I,0
4,45,1514,1.0,I,0
4,45,1515,1.0,I,0
4,45,1516,1.0,I,0
4,45,1517,1.0,I,0
4,45,1518,1.0,I,0
4,45,1519,1.0,I,0
4,45,1520,1.0,I,0
4,45,1521,1.0,I,0
4,45,1522,1.0,I,0
4,45,1523,1.0,I,0
4,45,1524,1.0,I,0
4,45,1525,1.0,I,0
4,45,1526,1.0,I,0
4,45,1527,1.0,I,0
4,45,1528,1.0,I,0
4,45,1529,1.0,I,0
4,45,1530,1.0,I,0
4,45,1531,1.0,I,0
4,45,1532,1.0,I,0
4,45,1533,1.0,I,0
4,45,1534,1.0,I,0
4,45,1535,1.0,I,0
4,45,1536,1.0,I,0
4,45,1537,1.0,I,0
4,45,1538,1.0,I,0
4,45,1539,1.0,I,0
4,45,1540,1.0,I,0
4,45,1541,1.0,I,0
4,45,1542,1.0,I,0
4,45,1543,1.0,I,0
4,45,1544,1.0,I,0
4,45,1545,1.0,I,0
4,45,1546,1.0,I,0
4,45,1547,1.0,I,0
4,45,1548,1.0,I,0
4,45,1549,1.0,I,0
4,45,1550,1.0,I,0
4,45,1551,1.0,I,0
4,45,1552,1.0,I,0
4,45,1553,1.0,I,0
4,45,1554,1.0,I,0
4,45,1555,1.0,I,0
4,45,1556,1.0,I,0
4,45,1557,1.0,I,0
4,45,1558,1.0,I,0
4,45,1559,1.0,I,0
4,45,1560,1.0,I,0
4,45,1561,1.0,I,0
4,45,1562,1.0,I,0
4,45,1563,1.0,I,0
4,45,1564,1.0,I,0
4,45,1565,1.0,I,0
4,45,1566,1.0,I,0
4,45,1567,1.0,I,0
4,45,1568,1.0,I,0
4,45,1569,1.0,I,0
4,45,1570,1.0,I,0
4,45,1571,1.0,I,0
4,45,1572,1.0,I,0
4,45,1573,1.0,I,0
4,45,1574,1.0,I,0
4,45,1575,1.0,I,0
4,45,1576,1.0,I,0
4,45,1577,1.0,I,0
4,45,1578,1.0,I,0
4,45,1579,1.0,I,0
4,45,1580,1.0,I,0
4,45,1581,1.0,I,0
4,45,1582,1.0,I,0
4,45,1583,1.0,I,0
4,45,1584,1.0,I,0
4,45,1585,1.0,I,0
4,45,1586,1.0,I,0
4,45,1587,1.0,I,0
4,45,1588,1.0,I,0
4,45,1589,1.0,I,0
4,45,1590,1.0,I,0
4,45,1591,1.0,I,0
4,45,1592,1.0,I,0
4,45,1593,1.0,I,0
4,45,1594,1.0,I,0
4,45,1595,1.0,I,0
4,45,1596,1.0,I,0
4,45,1597,1.0,I,0
4,45,1598,1.0,I,0
4,45,1599,1.0,I,0
4,45,1600,1.0,I,0
4,45,1601,1.0,I,0
4,45,1602,1.0,I,0
4,45,1603,1.0,I,0
4,45,1604,1.0,I,0
4,45,1605,1.0,I,0
4,45,1606,1.0,I,0
4,45,1607,1.0,I,0
4,45,1608,1.0,I,0
4,45,1609,1.0,I,0
4,45,1610,1.0,I,0
4,45,1611,1.0,I,0
4,45,1612,1.0,I,0
4,45,1613,1.0,I,0
4,45,1614,1.0,I,0
4,45,1615,1.0,I,0
4,45,1616,1.0,I,0
4,45,1617,1.0,I,0
4,45,1618,1.0,I,0
4,45,1619,1.0,I,0
4,45,1620,1.0,I,0
4,45,1621,1.0,I,0
4,45,1622,1.0,I,0
4,45,1623,1.0,I,0
4,45,1624,1.0,I,0
4,45,1625,1.0,I,0
4,45,1626,1.0,I,0
4,45,1627,1.0,I,0
4,45,1628,1.0,I,0
4,45,1629,1.0,I,0
4,45,1630,1.0,I,0
4,45,1631,1.0,I,0
4,45,1632,1.0,I,0
4,45,1633,1.0,I,0
4,45,1634,1.0,I,0
4,45,1635,1.0,I,0
4,45,1636,1.0,I,0
4,45,1637,1.0,I,0
4,45,1638,1.0,I,0
4,45,1639,1.0,I,0
4,45,1640,1.0,I,0
4,45,1641,1.0,I,0
4,45,1642,1.0,I,0
4,45,1643,1.0,I,0
4,45,1644,1.0,I,0
4,45,1645,1.0,I,0
4,45,1646,1.0,I,0
4,45,1647,1.0,I,0
4,45,1648,1.0,I,0
4,45,1649,1.0,I,0
4,45,1650,1.0,I,0
4,45,1651,1.0,I,0
4,45,1652,1.0,I,0
4,45,1653,1.0,I,0
4,45,1654,1.0,I,0
4,45,1655,1.0,I,0
4,45,1656,1.0,I,0
4,45,1657,1.0,I,0
4,45,1658,1.0,I,0
4,45,1659,1.0,I,0
4,45,1660,1.0,I,0
4,45,1661,1.0,I,0
4,45,1662,1.0,I,0
4,45,1663,1.0,I,0
4,45,1664,1.0,I,0
4,45,1665,1.0,I,0
4,45,1666,1.0,I,0
4,45,1667,1.0,I,0
4,45,1668,1.0,I,0
4,45,1669,1.0,I,0
4,45,1670,1.0,I,0
4,45,1671,1.0,I,0
4,45,1672,1.0,I,0
4,45,1673,1.0,I,0
4,45,1674,1.0,I,0
4,45,1675,1.0,I,0
4,45,1676,1.0,I,0
4,45,1677,1.0,I,0
4,45,1678,1.0,I,0
4,45,1679,1.0,I,0
4,45,1680,1.0,I,0
4,45,1681,1.0,I,0
4,45,1682,1.0,I,0
4,45,1683,1.0,I,0
4,45,1684,1.0,I,0
4,45,1685,1.0,I,0
4,45,1686,1.0,I,0
4,45,1687,1.0,I,0
4,45,1688,1.0,I,0
4,45,1689,1.0,I,0
4,45,1690,1.0,I,0
4,45,1691,1.0,I,0
4,45,1692,1.0,I,0
4,45,1693,1.0,I,0
4,45,1694,1.0,I,0
4,45,1695,1.0,I,0
4,45,1696,1.0,I,0
4,45,1697,1.0,I,0
4,45,1698,1.0,I,0
4,45,1699,1.0,I,0
4,45,1700,1.0,I,0
4,45,1701,1.0,I,0
4,45,1702,1.0,I,0
4,45,1703,1.0,I,0
4,45,1704,1.0,I,0
4,45,1705,1.0,I,0
4,45,1706,1.0,I,0
4,45,1707,1.0,I,0
4,45,1708,1.0,I,0
4,45,1709,1.0,I,0
4,45,1710,1.0,I,0
4,45,1711,1.0,I,0
4,45,1712,1.0,I,0
4,45,1713,1.0,I,0
4,45,1714,1.0,I,0
4,45,1715,1.0,I,0
4,45,1716,1.0,I,0
4,45,1717,1.0,I,0
4,45,1718,1.0,I,0
4,45,1719,1.0,I,0
4,45,1720,1.0,I,0
4,45,1721,1.0,I,0
4,45,1722,1.0,I,0
4,45,1723,1.0,I,0
4,45,1724,1.0,I,0
4,45,1725,1.0,I,0
4,45,1726,1.0,I,0
4,45,1727,1.0,I,0
4,45,1728,1.0,I,0
4,45,1729,1.0,I,0
4,45,1730,1.0,I,0
4,45,1731,1.0,I,0
4,45,1732,1.0,I,0
4,45,1733,1.0,I,0
4,45,1734,1.0,I,0
4,45,1735,1.0,I,0
4,45,1736,1.0,I,0
4,45,1737,1.0,I,0
4,45,1738,1.0,I,0
4,45,1739,1.0,I,0
4,45,1740,1.0,I,0
4,45,1741,1.0,I,0
4,45,1742,1.0,I,0
4,45,1743,1.0,I,0
4,45,1744,1.0,I,0
4,45,1745,1.0,I,0
4,45,1746,1.0,I,0
4,45,1747,1.0,I,0
4,45,1748,1.0,I,0
4,45,1749,1.0,I,0
4,45,1750,1.0,I,0
4,45,1751,1.0,I,0
4,45,1752,1.0,I,0
4,45,1753,1.0,I,0
4,45,1754,1.0,I,0
4,45,1755,1.0,I,0
4,45,1756,1.0,I,0
4,45,1757,1.0,I,0
4,45,1758,1.0,I,0
4,45,1759,1.0,I,0
4,45,1760,1.0,I,0
4,45,1761,1.0,I,0
4,45,1762,1.0,I,0
4,45,1763,1.0,I,0
4,45,1764,1.0,I,0
4,45,1765,1.0,I,0
4,45,1766,1.0,I,0
4,45,1767,1.0,I,0
4,45,1768,1.0,I,0
4,45,1769,1.0,I,0
4,45,1770,1.0,I,0
4,45,1771,1.0,I,0
4,45,1772,1.0,I,0
4,45,1773,1.0,I,0
4,45,1774,1.0,I,0
4,45,1775,1.0,I,0
4,45,1776,1.0,I,0
4,45,1777,1.0,I,0
4,45,1778,1.0,I,0
4,45,1779,1.0,I,0
4,45,1780,1.0,I,0
4,45,1781,1.0,I,0
4,45,1782,1.0,I,0
4,45,1783,1.0,I,0
4,45,1784,1.0,I,0
4,45,1785,1.0,I,0
4,45,1786,1.0,I,0
4,45,1787,1.0,I,0
4,45,1788,1.0,I,0
4,45,1789,1.0,I,0
4,45,1790,1.0,I,0
4,45,1791,1.0,I,0
4,45,1792,1.0,I,0
4,45,1793,1.0,I,0
4,45,1794,1.0,I,0
4,45,1795,1.0,I,0
4,45,1796,1.0,I,0
4,45,1797,1.0,I,0
4,45,1798,1.0,I,0
4,45,1799,1.0,I,0
4,45,1800,1.0,I,0
4,45,1801,1.0,I,0
4,45,1802,1.0,I,0
4,45,1803,1.0,I,0
4,45,1804,1.0,I,0
4,45,1805,1.0,I,0
4,45,1806,1.0,I,0
4,45,1807,1.0,I,0
4,45,1808,1.0,I,0
4,45,1809,1.0,I,0
4,45,1810,1.0,I,0
4,45,1811,1.0,I,0
4,45,1812,1.0,I,0
4,45,1813,1.0,I,0
4,45,1814,1.0,I,0
4,45,1815,1.0,I,0
4,45,1816,1.0,I,0
4,45,1817,1.0,I,0
4,45,1818,1.0,I,0
4,45,1819,1.0,I,0
4,45,1820,1.0,I,0
4,45,1821,1.0,I,0
4,45,1822,1.0,I,0
4,45,1823,1.0,I,0
4,45,1824,1.0,I,0
4,45,1825,1.0,I,0
4,45,1826,1.0,I,0
4,45,1827,1.0,I,0
4,45,1828,1.0,I,0
4,45,1829,1.0,I,0
4,45,1830,1.0,I,0
4,45,1831,1.0,I,0
4,45,1832,1.0,I,0
4,45,1833,1.0,I,0
4,45,1834,1.0,I,0
4,45,1835,1.0,I,0
4,45,1836,1.0,I,0
4,45,1837,1.0,I,0
4,45,1838,1.0,I,0
4,45,1839,1.0,I,0
4,45,1840,1.0,I,0
4,45,1841,1.0,I,0
4,45,1842,1.0,I,0
4,45,1843,1.0,I,0
4,45,1844,1.0,I,0
4,45,1845,1.0,I,0
4,45,1846,1.0,I,0
4,45,1847,1.0,I,0
4,45,1848,1.0,I,0
4,45,1849,1.0,I,0
4,45,1850,1.0,I,0
4,45,1851,1.0,I,0
4,45,1852,1.0,I,0
4,45,1853,1.0,I,0
4,45,1854,1.0,I,0
4,45,1855,1.0,I,0
4,45,1856,1.0,I,0
4,45,1857,1.0,I,0
4,45,1858,1.0,I,0
4,45,1859,1.0,I,0
4,45,1860,1.0,I,0
4,45,1861,1.0,I,0
4,45,1862,1.0,I,0
4,45,1863,1.0,I,0
4,45,1864,1.0,I,0
4,45,1865,1.0,I,0
4,45,1866,1.0,I,0
4,45,1867,1.0,I,0
4,45,1868,1.0,I,0
4,45,1869,1.0,I,0
4,45,1870,1.0,I,0
4,45,1871,1.0,I,0
4,45,1872,1.0,I,0
4,45,1873,1.0,I,0
4,45,1874,1.0,I,0
4,45,1875,1.0,I,0
4,45,1876,1.0,I,0
4,45,1877,1.0,I,0
4,45,1878,1.0,I,0
4,45,1879,1.0,I,0
4,45,1880,1.0,I,0
4,45,1881,1.0,I,0
4,45,1882,1.0,I,0
4,45,1883,1.0,I,0
4,45,1884,1.0,I,0
4,45,1885,1.0,I,0
4,45,1886,1.0,I,0
4,45,1887,1.0,I,0
4,45,1888,1.0,I,0
4,45,1889,1.0,I,0
4,45,1890,1.0,I,0
4,45,1891,1.0,I,0
4,45,1892,1.0,I,0
4,45,1893,1.0,I,0
4,45,1894,1.0,I,0
4,45,1895,1.0,I,0
4,45,1896,1.0,I,0
4,45,1897,1.0,I,0
4,45,1898,1.0,I,0
4,45,1899,1.0,I,0
4,45,1900,1.0,I,0
4,45,1901,1.0,I,0
4,45,1902,1.0,I,0
4,45,1903,1.0,I,0
4,45,1904,1.0,I,0
4,45,1905,1.0,I,0
4,45,1906,1.0,I,0
4,45,1907,1.0,I,0
4,45,1908,1.0,I,0
4,45,1909,1.0,I,0
4,45,1910,1.0,I,0
4,45,1911,1.0,I,0
4,45,1912,1.0,I,0
4,45,1913,1.0,I,0
4,45,1914,1.0,I,0
4,45,1915,1.0,I,0
4,45,1916,1.0,I,0
4,45,1917,1.0,I,0
4,45,1918,1.0,I,0
4,45,1919,1.0,I,0
4,45,1920,1.0,I,0
4,45,1921,1.0,I,0
4,45,1922,1.0,I,0
4,45,1923,1.0,I,0
4,45,1924,1.0,I,0
4,45,1925,1.0,I,0
4,45,1926,1.0,I,0
4,45,1927,1.0,I,0
4,45,1928,1.0,I,0
4,45,1929,1.0,I,0
4,45,1930,1.0,I,0
4,45,1931,1.0,I,0
4,45,1932,1.0,I,0
4,45,1933,1.0,I,0
4,45,1934,1.0,I,0
4,45,1935,1.0,I,0
4,45,1936,1.0,I,0
4,45,1937,1.0,I,0
4,45,1938,1.0,I,0
4,45,1939,1.0,I,0
4,45,1940,1.0,I,0
4,45,1941,1.0,I,0
4,45,1942,1.0,I,0
4,45,1943,1.0,I,0
4,45,1944,1.0,I,0
4,45,1945,1.0,I,0
4,45,1946,1.0,I,0
4,45,1947,1.0,I,0
4,45,1948,1.0,I,0
4,45,1949,1.0,I,0
4,45,1950,1.0,I,0
4,45,1951,1.0,I,0
4,45,1952,1.0,I,0
4,45,1953,1.0,I,0
4,45,1954,1.0,I,0
4,45,1955,1.0,I,0
4,45,1956,1.0,I,0
4,45,1957,1.0,I,0
4,45,1958,1.0,I,0
4,45,1959,1.0,I,0
4,45,1960,1.0,I,0
4,45,1961,1.0,I,0
4,45,1962,1.0,I,0
4,45,1963,1.0,I,0
4,45,1964,1.0,I,0
4,45,1965,1.0,I,0
4,45,1966,1.0,I,0
4,45,1967,1.0,I,0
4,45,1968,1.0,I,0
4,45,1969,1.0,I,0
4,45,1970,1.0,I,0
4,45,1971,1.0,I,0
4,45,1972,1.0,I,0
4,45,1973,1.0,I,0
4,45,1974,1.0,I,0
4,45,1975,1.0,I,0
4,45,1976,1.0,I,0
4,45,1977,1.0,I,0
4,45,1978,1.0,I,0
4,45,1979,1.0,I,0
4,45,1980,1.0,I,0
4,45,1981,1.0,I,0
4,45,1982,1.0,I,0
4,45,1983,1.0,I,0
4,45,1984,1.0,I,0
4,45,1985,1.0,I,0
4,45,1986,1.0,I,0
4,45,1987,1.0,I,0
4,45,1988,1.0,I,0
4,45,1989,1.0,I,0
4,45,1990,1.0,I,0
4,45,1991,1.0,I,0
4,45,1992,1.0,I,0
4,45,1993,1.0,I,0
4,45,1994,1.0,I,0
4,45,1995,1.0,I,0
4,45,1996,1.0,I,0
4,45,1997,1.0,I,0
4,45,1998,1.0,I,0
4,45,1999,1.0,I,0
4,45,2000,1.0,I,0
4,45,2001,1.0,I,0
4,45,2002,1.0,I,0
4,45,2003,1.0,I,0
4,45,2004,1.0,I,0
4,45,2005,1.0,I,0
4,45,2006,1.0,I,0
4,45,2007,1.0,I,0
4,45,2008,1.0,I,0
4,45,2009,1.0,I,0
4,45,2010,1.0,I,0
4,45,2011,1.0,I,0
4,45,2012,1.0,I,0
4,45,2013,1.0,I,0
4,45,2014,1.0,I,0
4,45,2015,1.0,I,0
4,45,2016,1.0,I,0
4,45,2017,1.0,I,0
4,45,2018,1.0,I,0
4,45,2019,1.0,I,0
4,45,2020,1.0,I,0
4,45,2021,1.0,I,0
4,45,2022,1.0,I,0
4,45,2023,1.0,I,0
4,45,2024,1.0,I,0
4,45,2025,1.0,I,0
4,45,2026,1.0,I,0
4,45,2027,1.0,I,0
4,45,2028,1.0,I,0
4,45,2029,1.0,I,0
4,45,2030,1.0,I,0
4,45,2031,1.0,I,0
4,45,2032,1.0,I,0
4,45,2033,1.0,I,0
4,45,2034,1.0,I,0
4,45,2035,1.0,I,0
4,45,2036,1.0,I,0
4,45,2037,1.0,I,0
4,45,2038,1.0,I,0
4,45,2039,1.0,I,0
4,45,2040,1.0,I,0
4,45,2041,1.0,I,0
4,45,2042,1.0,I,0
4,45,2043,1.0,I,0
4,45,2044,1.0,I,0
4,45,2045,1.0,I,0
4,45,2046,1.0,I,0
4,45,2047,1.0,I,0
4,45,2048,1.0,I,0
4,45,2049,1.0,I,0
4,45,2050,1.0,I,0
4,45,2051,1.0,I,0
4,45,2052,1.0,I,0
4,45,2053,1.0,I,0
4,45,2054,1.0,I,0
4,45,2055,1.0,I,0
4,45,2056,1.0,I,0
4,45,2057,1.0,I,0
4,45,2058,1.0,I,0
4,45,2059,1.0,I,0
4,45,2060,1.0,I,0
4,45,2061,1.0,I,0
4,45,2062,1.0,I,0
4,45,2063,1.0,I,0
4,45,2064,1.0,I,0
4,45,2065,1.0,I,0
4,45,2066,1.0,I,0
4,45,2067,1.0,I,0
4,45,2068,1.0,I,0
4,45,2069,1.0,I,0
4,45,2070,1.0,I,0
4,45,2071,1.0,I,0
4,45,2072,1.0,I,0
4,45,2073,1.0,I,0
4,45,2074,1.0,I,0
4,45,2075,1.0,I,0
4,45,2076,1.0,I,0
4,45,2077,1.0,I,0
4,45,2078,1.0,I,0
4,45,2079,1.0,I,0
4,45,2080,1.0,I,0
4,45,2081,1.0,I,0
4,45,2082,1.0,I,0
4,45,2083,1.0,I,0
4,45,2084,1.0,I,0
4,45,2085,1.0,I,0
4,45,2086,1.0,I,0
4,45,2087,1.0,I,0
4,45,2088,1.0,I,0
4,45,2089,1.0,I,0
4,45,2090,1.0,I,0
4,45,2091,1.0,I,0
4,45,2092,1.0,I,0
4,45,2093,1.0,I,0
4,45,2094,1.0,I,0
4,45,2095,1.0,I,0
4,45,2096,1.0,I,0
4,45,2097,1.0,I,0
4,45,2098,1.0,I,0
4,45,2099,1.0,I,0
4,45,2100,1.0,I,0
4,45,2101,1.0,I,0
4,45,2102,1.0,I,0
4,45,2103,1.0,I,0
4,45,2104,1.0,I,0
4,45,2105,1.0,I,0
4,45,2106,1.0,I,0
4,45,2107,1.0,I,0
4,45,2108,1.0,I,0
4,45,2109,1.0,I,0
4,45,2110,1.0,I,0
4,45,2111,1.0,I,0
4,45,2112,1.0,I,0
4,45,2113,1.0,I,0
4,45,2114,1.0,I,0
4,45,2115,1.0,I,0
4,45,2116,1.0,I,0
4,45,2117,1.0,I,0
4,45,2118,1.0,I,0
4,45,2119,1.0,I,0
4,45,2120,1.0,I,0
4,45,2121,1.0,I,0
4,45,2122,1.0,I,0
4,45,2123,1.0,I,0
4,45,2124,1.0,I,0
4,45,2125,1.0,I,0
4,45,2126,1.0,I,0
4,45,2127,1.0,I,0
4,45,2128,1.0,I,0
4,45,2129,1.0,I,0
4,45,2130,1.0,I,0
4,45,2131,1.0,I,0
4,45,2132,1.0,I,0
4,45,2133,1.0,I,0
4,45,2134,1.0,I,0
4,45,2135,1.0,I,0
4,45,2136,1.0,I,0
4,45,2137,1.0,I,0
4,45,2138,1.0,I,0
4,45,2139,1.0,I,0
4,45,2140,1.0,I,0
4,45,2141,1.0,I,0
4,45,2142,1.0,I,0
4,45,2143,1.0,I,0
4,45,2144,1.0,I,0
4,45,2145,1.0,I,0
4,45,2146,1.0,I,0
4,45,2147,1.0,I,0
4,45,2148,1.0,I,0
4,45,2149,1.0,I,0
4,45,2150,1.0,I,0
4,45,2151,1.0,I,0
4,45,2152,1.0,I,0
4,45,2153,1.0,I,0
4,45,2154,1.0,I,0
4,45,2155,1.0,I,0
4,45,2156,1.0,I,0
4,45,2157,1.0,I,0
4,45,2158,1.0,I,0
4,45,2159,1.0,I,0
4,45,2160,1.0,I,0
4,45,2161,1.0,I,0
4,45,2162,1.0,I,0
4,45,2163,1.0,I,0
4,45,2164,1.0,I,0
4,45,2165,1.0,I,0
4,45,2166,1.0,I,0
4,45,2167,1.0,I,0
4,45,2168,1.0,I,0
4,45,2169,1.0,I,0
4,45,2170,1.0,I,0
4,45,2171,1.0,I,0
4,45,2172,1.0,I,0
4,45,2173,1.0,I,0
4,45,2174,1.0,I,0
4,45,2175,1.0,I,0
4,45,2176,1.0,I,0
4,45,2177,1.0,I,0
4,45,2178,1.0,I,0
4,45,2179,1.0,I,0
4,45,2180,1.0,I,0
4,45,2181,1.0,I,0
4,45,2182,1.0,I,0
4,45,2183,1.0,I,0
4,45,2184,1.0,I,0
4,45,2185,1.0,I,0
4,45,2186,1.0,I,0
4,45,2187,1.0,I,0
4,45,2188,1.0,I,0
4,45,2189,1.0,I,0
4,45,2190,1.0,I,0
4,45,2191,1.0,I,0
4,45,2192,1.0,I,0
4,45,2193,1.0,I,0
4,45,2194,1.0,I,0
4,45,2195,1.0,I,0
4,45,2196,1.0,I,0
4,45,2197,1.0,I,0
4,45,2198,1.0,I,0
4,45,2199,1.0,I,0
4,45,2200,1.0,I,0
4,45,2201,1.0,I,0
4,45,2202,1.0,I,0
4,45,2203,1.0,I,0
4,45,2204,1.0,I,0
4,45,2205,1.0,I,0
4,45,2206,1.0,I,0
4,45,2207,1.0,I,0
4,45,2208,1.0,I,0
4,45,2209,1.0,I,0
4,45,2210,1.0,I,0
4,45,2211,1.0,I,0
4,45,2212,1.0,I,0
4,45,2213,1.0,I,0
4,45,2214,1.0,I,0
4,45,2215,1.0,I,0
4,45,2216,1.0,I,0
4,45,2217,1.0,I,0
4,45,2218,1.0,I,0
4,45,2219,1.0,I,0
4,45,2220,1.0,I,0
4,45,2221,1.0,I,0
4,45,2222,1.0,I,0
4,45,2223,1.0,I,0
4,45,2224,1.0,I,0
4,45,2225,1.0,I,0
4,45,2226,1.0,I,0
4,45,2227,1.0,I,0
4,45,2228,1.0,I,0
4,45,2229,1.0,I,0
4,45,2230,1.0,I,0
4,45,2231,1.0,I,0
4,45,2232,1.0,I,0
4,45,2233,1.0,I,0
4,45,2234,1.0,I,0
4,45,2235,1.0,I,0
4,45,2236,1.0,I,0
4,45,2237,1.0,I,0
4,45,2238,1.0,I,0
4,45,2239,1.0,I,0
4,45,2240,1.0,I,0
4,45,2241,1.0,I,0
4,45,2242,1.0,I,0
4,45,2243,1.0,I,0
4,45,2244,1.0,I,0
4,45,2245,1.0,I,0
4,45,2246,1.0,I,0
4,45,2247,1.0,I,0
4,45,2248,1.0,I,0
4,45,2249,1.0,I,0
4,45,2250,1.0,I,0
4,45,2251,1.0,I,0
4,45,2252,1.0,I,0
4,45,2253,1.0,I,0
4,45,2254,1.0,I,0
4,45,2255,1.0,I,0
4,45,2256,1.0,I,0
4,45,2257,1.0,I,0
4,45,2258,1.0,I,0
4,45,2259,1.0,I,0
4,45,2260,1.0,I,0
4,45,2261,1.0,I,0
4,45,2262,1.0,I,0
4,45,2263,1.0,I,0
4,45,2264,1.0,I,0
4,45,2265,1.0,I,0
4,45,2266,1.0,I,0
4,45,2267,1.0,I,0
4,45,2268,1.0,I,0
4,45,2269,1.0,I,0
4,45,2270,1.0,I,0
4,45,2271,1.0,I,0
4,45,2272,1.0,I,0
4,45,2273,1.0,I,0
4,45,2274,1.0,I,0
4,45,2275,1.0,I,0
4,45,2276,1.0,I,0
4,45,2277,1.0,I,0
4,45,2278,1.0,I,0
4,45,2279,1.0,I,0
4,45,2280,1.0,I,0
4,45,2281,1.0,I,0
4,45,2282,1.0,I,0
4,45,2283,1.0,I,0
4,45,2284,1.0,I,0
4,45,2285,1.0,I,0
4,45,2286,1.0,I,0
4,45,2287,1.0,I,0
4,45,2288,1.0,I,0
4,45,2289,1.0,I,0
4,45,2290,1.0,I,0
4,45,2291,1.0,I,0
4,45,2292,1.0,I,0
4,45,2293,1.0,I,0
4,45,2294,1.0,I,0
4,45,2295,1.0,I,0
4,45,2296,1.0,I,0
4,45,2297,1.0,I,0
4,45,2298,1.0,I,0
4,45,2299,1.0,I,0
4,45,2300,1.0,I,0
4,45,2301,1.0,I,0
4,45,2302,1.0,I,0
4,45,2303,1.0,I,0
4,45,2304,1.0,I,0
4,45,2305,1.0,I,0
4,45,2306,1.0,I,0
4,45,2307,1.0,I,0
4,45,2308,1.0,I,0
4,45,2309,1.0,I,0
4,45,2310,1.0,I,0
4,45,2311,1.0,I,0
4,45,2312,1.0,I,0
4,45,2313,1.0,I,0
4,45,2314,1.0,I,0
4,45,2315,1.0,I,0
4,45,2316,1.0,I,0
4,45,2317,1.0,I,0
4,45,2318,1.0,I,0
4,45,2319,1.0,I,0
4,45,2320,1.0,I,0
4,45,2321,1.0,I,0
4,45,2322,1.0,I,0
4,45,2323,1.0,I,0
4,45,2324,1.0,I,0
4,45,2325,1.0,I,0
4,45,2326,1.0,I,0
4,45,2327,1.0,I,0
4,45,2328,1.0,I,0
4,45,2329,1.0,I,0
4,45,2330,1.0,I,0
4,45,2331,1.0,I,0
4,45,2332,1.0,I,0
4,45,2333,1.0,I,0
4,45,2334,1.0,I,0
4,45,2335,1.0,I,0
4,45,2336,1.0,I,0
4,45,2337,1.0,I,0
4,45,2338,1.0,I,0
4,45,2339,1.0,I,0
4,45,2340,1.0,I,0
4,45,2341,1.0,I,0
4,45,2342,1.0,I,0
4,45,2343,1.0,I,0
4,45,2344,1.0,I,0
4,45,2345,1.0,I,0
4,45,2346,1.0,I,0
4,45,2347,1.0,I,0
4,45,2348,1.0,I,0
4,45,2349,1.0,I,0
4,45,2350,1.0,I,0
4,45,2351,1.0,I,0
4,45,2352,1.0,I,0
4,45,2353,1.0,I,0
4,45,2354,1.0,I,0
4,45,2355,1.0,I,0
4,45,2356,1.0,I,0
4,45,2357,1.0,I,0
4,45,2358,1.0,I,0
4,45,2359,1.0,I,0
4,45,2360,1.0,I,0
4,45,2361,1.0,I,0
4,45,2362,1.0,I,0
4,45,2363,1.0,I,0
4,45,2364,1.0,I,0
4,45,2365,1.0,I,0
4,45,2366,1.0,I,0
4,45,2367,1.0,I,0
4,45,2368,1.0,I,0
4,45,2369,1.0,I,0
4,45,2370,1.0,I,0
4,45,2371,1.0,I,0
4,45,2372,1.0,I,0
4,45,2373,1.0,I,0
4,45,2374,1.0,I,0
4,45,2375,1.0,I,0
4,45,2376,1.0,I,0
4,45,2377,1.0,I,0
4,45,2378,1.0,I,0
4,45,2379,1.0,I,0
4,45,2380,1.0,I,0
4,45,2381,1.0,I,0
4,45,2382,1.0,I,0
4,45,2383,1.0,I,0
4,45,2384,1.0,I,0
4,45,2385,1.0,I,0
4,45,2386,1.0,I,0
4,45,2387,1.0,I,0
4,45,2388,1.0,I,0
4,45,2389,1.0,I,0
4,45,2390,1.0,I,0
4,45,2391,1.0,I,0
4,45,2392,1.0,I,0
4,45,2393,1.0,I,0
4,45,2394,1.0,I,0
4,45,2395,1.0,I,0
4,45,2396,1.0,I,0
4,45,2397,1.0,I,0
4,45,2398,1.0,I,0
4,45,2399,1.0,I,0
4,45,2400,1.0,I,0
4,45,2401,1.0,I,0
4,45,2402,1.0,I,0
4,45,2403,1.0,I,0
4,45,2404,1.0,I,0
4,45,2405,1.0,I,0
4,45,2406,1.0,I,0
4,45,2407,1.0,I,0
4,45,2408,1.0,I,0
4,45,2409,1.0,I,0
4,45,2410,1.0,I,0
4,45,2411,1.0,I,0
4,45,2412,1.0,I,0
4,45,2413,1.0,I,0
4,45,2414,1.0,I,0
4,45,2415,1.0,I,0
4,45,2416,1.0,I,0
4,45,2417,1.0,I,0
4,45,2418,1.0,I,0
4,45,2419,1.0,I,0
4,45,2420,1.0,I,0
4,45,2421,1.0,I,0
4,45,2422,1.0,I,0
4,45,2423,1.0,I,0
4,45,2424,1.0,I,0
4,45,2425,1.0,I,0
4,45,2426,1.0,I,0
4,45,2427,1.0,I,0
4,45,2428,1.0,I,0
4,45,2429,1.0,I,0
4,45,2430,1.0,I,0
4,45,2431,1.0,I,0
4,45,2432,1.0,I,0
4,45,2433,1.0,I,0
4,45,2434,1.0,I,0
4,45,2435,1.0,I,0
4,45,2436,1.0,I,0
4,45,2437,1.0,I,0
4,45,2438,1.0,I,0
4,45,2439,1.0,I,0
4,45,2440,1.0,I,0
4,45,2441,1.0,I,0
4,45,2442,1.0,I,0
4,45,2443,1.0,I,0
4,45,2444,1.0,I,0
4,45,2445,1.0,I,0
4,45,2446,1.0,I,0
4,45,2447,1.0,I,0
4,45,2448,1.0,I,0
4,45,2449,1.0,I,0
4,45,2450,1.0,I,0
4,45,2451,1.0,I,0
4,45,2452,1.0,I,0
4,45,2453,1.0,I,0
4,45,2454,1.0,I,0
4,45,2455,1.0,I,0
4,45,2456,1.0,I,0
4,45,2457,1.0,I,0
4,45,2458,1.0,I,0
4,45,2459,1.0,I,0
4,45,2460,1.0,I,0
4,45,2461,1.0,I,0
4,45,2462,1.0,I,0
4,45,2463,1.0,I,0
4,45,2464,1.0,I,0
4,45,2465,1.0,I,0
4,45,2466,1.0,I,0
4,45,2467,1.0,I,0
4,45,2468,1.0,I,0
4,45,2469,1.0,I,0
4,45,2470,1.0,I,0
4,45,2471,1.0,I,0
4,45,2472,1.0,I,0
4,45,2473,1.0,I,0
4,45,2474,1.0,I,0
4,45,2475,1.0,I,0
4,45,2476,1.0,I,0
4,45,2477,1.0,I,0
4,45,2478,1.0,I,0
4,45,2479,1.0,I,0
4,45,2480,1.0,I,0
4,45,2481,1.0,I,0
4,45,2482,1.0,I,0
4,45,2483,1.0,I,0
4,45,2484,1.0,I,0
4,45,2485,1.0,I,0
4,45,2486,1.0,I,0
4,45,2487,1.0,I,0
4,45,2488,1.0,I,0
4,45,2489,1.0,I,0
4,45,2490,1.0,I,0
4,45,2491,1.0,I,0
4,45,2492,1.0,I,0
4,45,2493,1.0,I,0
4,45,2494,1.0,I,0
4,45,2495,1.0,I,0
4,45,2496,1.0,I,0
4,45,2497,1.0,I,0
4,45,2498,1.0,I,0
4,45,2499,1.0,I,0
4,45,2500,1.0,I,0
4,45,2501,1.0,I,0
4,45,2502,1.0,I,0
4,45,2503,1.0,I,0
4,45,2504,1.0,I,0
4,45,2505,1.0,I,0
4,45,2506,1.0,I,0
4,45,2507,1.0,I,0
4,45,2508,1.0,I,0
4,45,2509,1.0,I,0
4,45,2510,1.0,I,0
4,45,2511,1.0,I,0
4,45,2512,1.0,I,0
4,45,2513,1.0,I,0
4,45,2514,1.0,I,0
4,45,2515,1.0,I,0
4,45,2516,1.0,I,0
4,45,2517,1.0,I,0
4,45,2518,1.0,I,0
4,45,2519,1.0,I,0
4,45,2520,1.0,I,0
4,45,2521,1.0,I,0
4,45,2522,1.0,I,0
4,45,2523,1.0,I,0
4,45,2524,1.0,I,0
4,45,2525,1.0,I,0
4,45,2526,1.0,I,0
4,45,2527,1.0,I,0
4,45,2528,1.0,I,0
4,45,2529,1.0,I,0
4,45,2530,1.0,I,0
4,45,2531,1.0,I,0
4,45,2532,1.0,I,0
4,45,2533,1.0,I,0
4,45,2534,1.0,I,0
4,45,2535,1.0,I,0
4,45,2536,1.0,I,0
4,45,2537,1.0,I,0
4,45,2538,1.0,I,0
4,45,2539,1.0,I,0
4,45,2540,1.0,I,0
4,45,2541,1.0,I,0
4,45,2542,1.0,I,0
4,45,2543,1.0,I,0
4,45,2544,1.0,I,0
4,45,2545,1.0,I,0
4,45,2546,1.0,I,0
4,45,2547,1.0,I,0
4,45,2548,1.0,I,0
4,45,2549,1.0,I,0
4,45,2550,1.0,I,0
4,45,2551,1.0,I,0
4,45,2552,1.0,I,0
4,45,2553,1.0,I,0
4,45,2554,1.0,I,0
4,45,2555,1.0,I,0
4,45,2556,1.0,I,0
4,45,2557,1.0,I,0
4,45,2558,1.0,I,0
4,45,2559,1.0,I,0
4,45,2560,1.0,I,0
4,45,2561,1.0,I,0
4,45,2562,1.0,I,0
4,45,2563,1.0,I,0
4,45,2564,1.0,I,0
4,45,2565,1.0,I,0
4,45,2566,1.0,I,0
4,45,2567,1.0,I,0
4,45,2568,1.0,I,0
4,45,2569,1.0,I,0
4,45,2570,1.0,I,0
4,45,2571,1.0,I,0
4,45,2572,1.0,I,0
4,45,2573,1.0,I,0
4,45,2574,1.0,I,0
4,45,2575,1.0,I,0
4,45,2576,1.0,I,0
4,45,2577,1.0,I,0
4,45,2578,1.0,I,0
4,45,2579,1.0,I,0
4,45,2580,1.0,I,0
4,45,2581,1.0,I,0
4,45,2582,1.0,I,0
4,45,2583,1.0,I,0
4,45,2584,1.0,I,0
4,45,2585,1.0,I,0
4,45,2586,1.0,I,0
4,45,2587,1.0,I,0
4,45,2588,1.0,I,0
4,45,2589,1.0,I,0
4,45,2590,1.0,I,0
4,45,2591,1.0,I,0
4,45,2592,1.0,I,0
4,45,2593,1.0,I,0
4,45,2594,1.0,I,0
4,45,2595,1.0,I,0
4,45,2596,1.0,I,0
4,45,2597,1.0,I,0
4,45,2598,1.0,I,0
4,45,2599,1.0,I,0
4,45,2600,1.0,I,0
4,45,2601,1.0,I,0
4,45,2602,1.0,I,0
4,45,2603,1.0,I,0
4,45,2604,1.0,I,0
4,45,2605,1.0,I,0
4,45,2606,1.0,I,0
4,45,2607,1.0,I,0
4,45,2608,1.0,I,0
4,45,2609,1.0,I,0
4,45,2610,1.0,I,0
4,45,2611,1.0,I,0
4,45,2612,1.0,I,0
4,45,2613,1.0,I,0
4,45,2614,1.0,I,0
4,45,2615,1.0,I,0
4,45,2616,1.0,I,0
4,45,2617,1.0,I,0
4,45,2618,1.0,I,0
4,45,2619,1.0,I,0
4,45,2620,1.0,I,0
4,45,2621,1.0,I,0
4,45,2622,1.0,I,0
4,45,2623,1.0,I,0
4,45,2624,1.0,I,0
4,45,2625,1.0,I,0
4,45,2626,1.0,I,0
4,45,2627,1.0,I,0
4,45,2628,1.0,I,0
4,45,2629,1.0,I,0
4,45,2630,1.0,I,0
4,45,2631,1.0,I,0
4,45,2632,1.0,I,0
4,45,2633,1.0,I,0
4,45,2634,1.0,I,0
4,45,2635,1.0,I,0
4,45,2636,1.0,I,0
4,45,2637,1.0,I,0
4,45,2638,1.0,I,0
4,45,2639,1.0,I,0
4,45,2640,1.0,I,0
4,45,2641,1.0,I,0
4,45,2642,1.0,I,0
4,45,2643,1.0,I,0
4,45,2644,1.0,I,0
4,45,2645,1.0,I,0
4,45,2646,1.0,I,0
4,45,2647,1.0,I,0
4,45,2648,1.0,I,0
4,45,2649,1.0,I,0
4,45,2650,1.0,I,0
4,45,2651,1.0,I,0
4,45,2652,1.0,I,0
4,45,2653,1.0,I,0
4,45,2654,1.0,I,0
4,45,2655,1.0,I,0
4,45,2656,1.0,I,0
4,45,2657,1.0,I,0
4,45,2658,1.0,I,0
4,45,2659,1.0,I,0
4,45,2660,1.0,I,0
4,45,2661,1.0,I,0
4,45,2662,1.0,I,0
4,45,2663,1.0,I,0
4,45,2664,1.0,I,0
4,45,2665,1.0,I,0
4,45,2666,1.0,I,0
4,45,2667,1.0,I,0
4,45,2668,1.0,I,0
4,45,2669,1.0,I,0
4,45,2670,1.0,I,0
4,45,2671,1.0,I,0
4,45,2672,1.0,I,0
4,45,2673,1.0,I,0
4,45,2674,1.0,I,0
4,45,2675,1.0,I,0
4,45,2676,1.0,I,0
4,45,2677,1.0,I,0
4,45,2678,1.0,I,0
4,45,2679,1.0,I,0
4,45,2680,1.0,I,0
4,45,2681,1.0,I,0
4,45,2682,1.0,I,0
4,45,2683,1.0,I,0
4,45,2684,1.0,I,0
4,45,2685,1.0,I,0
4,45,2686,1.0,I,0
4,45,2687,1.0,I,0
4,45,2688,1.0,I,0
4,45,2689,1.0,I,0
4,45,2690,1.0,I,0
4,45,2691,1.0,I,0
4,45,2692,1.0,I,0
4,45,2693,1.0,I,0
4,45,2694,1.0,I,0
4,45,2695,1.0,I,0
4,45,2696,1.0,I,0
4,45,2697,1.0,I,0
4,45,2698,1.0,I,0
4,45,2699,1.0,I,0
4,45,2700,1.0,I,0
4,45,2701,1.0,I,0
4,45,2702,1.0,I,0
4,45,2703,1.0,I,0
4,45,2704,1.0,I,0
4,45,2705,1.0,I,0
4,45,2706,1.0,I,0
4,45,2707,1.0,I,0
4,45,2708,1.0,I,0
4,45,2709,1.0,I,0
4,45,2710,1.0,I,0
4,45,2711,1.0,I,0
4,45,2712,1.0,I,0
4,45,2713,1.0,I,0
4,45,2714,1.0,I,0
4,45,2715,1.0,I,0
4,45,2716,1.0,I,0
4,45,2717,1.0,I,0
4,45,2718,1.0,I,0
4,45,2719,1.0,I,0
4,45,2720,1.0,I,0
4,45,2721,1.0,I,0
4,45,2722,1.0,I,0
4,45,2723,1.0,I,0
4,45,2724,1.0,I,0
4,45,2725,1.0,I,0
4,45,2726,1.0,I,0
4,45,2727,1.0,I,0
4,45,2728,1.0,I,0
4,45,2729,1.0,I,0
4,45,2730,1.0,I,0
4,45,2731,1.0,I,0
4,45,2732,1.0,I,0
4,45,2733,1.0,I,0
4,45,2734,1.0,I,0
4,45,2735,1.0,I,0
4,45,2736,1.0,I,0
4,45,2737,1.0,I,0
4,45,2738,1.0,I,0
4,45,2739,1.0,I,0
4,45,2740,1.0,I,0
4,45,2741,1.0,I,0
4,45,2742,1.0,I,0
4,45,2743,1.0,I,0
4,45,2744,1.0,I,0
4,45,2745,1.0,I,0
4,45,2746,1.0,I,0
4,45,2747,1.0,I,0
4,45,2748,1.0,I,0
4,45,2749,1.0,I,0
4,45,2750,1.0,I,0
4,45,2751,1.0,I,0
4,45,2752,1.0,I,0
4,45,2753,1.0,I,0
4,45,2754,1.0,I,0
4,45,2755,1.0,I,0
4,45,2756,1.0,I,0
4,45,2757,1.0,I,0
4,45,2758,1.0,I,0
4,45,2759,1.0,I,0
4,45,2760,1.0,I,0
4,45,2761,1.0,I,0
4,45,2762,1.0,I,0
4,45,2763,1.0,I,0
4,45,2764,1.0,I,0
4,45,2765,1.0,I,0
4,45,2766,1.0,I,0
4,45,2767,1.0,I,0
4,45,2768,1.0,I,0
4,45,2769,1.0,I,0
4,45,2770,1.0,I,0
4,45,2771,1.0,I,0
4,45,2772,1.0,I,0
4,45,2773,1.0,I,0
4,45,2774,1.0,I,0
4,45,2775,1.0,I,0
4,45,2776,1.0,I,0
4,45,2777,1.0,I,0
4,45,2778,1.0,I,0
4,45,2779,1.0,I,0
4,45,2780,1.0,I,0
4,45,2781,1.0,I,0
4,45,2782,1.0,I,0
4,45,2783,1.0,I,0
4,45,2784,1.0,I,0
4,45,2785,1.0,I,0
4,45,2786,1.0,I,0
4,45,2787,1.0,I,0
4,45,2788,1.0,I,0
4,45,2789,1.0,I,0
4,45,2790,1.0,I,0
4,45,2791,1.0,I,0
4,45,2792,1.0,I,0
4,45,2793,1.0,I,0
4,45,2794,1.0,I,0
4,45,2795,1.0,I,0
4,45,2796,1.0,I,0
4,45,2797,1.0,I,0
4,45,2798,1.0,I,0
4,45,2799,1.0,I,0
4,45,2800,1.0,I,0
4,45,2801,1.0,I,0
4,45,2802,1.0,I,0
4,45,2803,1.0,I,0
4,45,2804,1.0,I,0
4,45,2805,1.0,I,0
4,45,2806,1.0,I,0
4,45,2807,1.0,I,0
4,45,2808,1.0,I,0
4,45,2809,1.0,I,0
4,45,2810,1.0,I,0
4,45,2811,1.0,I,0
4,45,2812,1.0,I,0
4,45,2813,1.0,I,0
4,45,2814,1.0,I,0
4,45,2815,1.0,I,0
4,45,2816,1.0,I,0
4,45,2817,1.0,I,0
4,45,2818,1.0,I,0
4,45,2819,1.0,I,0
4,45,2820,1.0,I,0
4,45,2821,1.0,I,0
4,45,2822,1.0,I,0
4,45,2823,1.0,I,0
4,45,2824,1.0,I,0
4,45,2825,1.0,I,0
4,45,2826,1.0,I,0
4,45,2827,1.0,I,0
4,45,2828,1.0,I,0
4,45,2829,1.0,I,0
4,45,2830,1.0,I,0
4,45,2831,1.0,I,0
4,45,2832,1.0,I,0
4,45,2833,1.0,I,0
4,45,2834,1.0,I,0
4,45,2835,1.0,I,0
4,45,2836,1.0,I,0
4,45,2837,1.0,I,0
4,45,2838,1.0,I,0
4,45,2839,1.0,I,0
4,45,2840,1.0,I,0
4,45,2841,1.0,I,0
4,45,2842,1.0,I,0
4,45,2843,1.0,I,0
4,45,2844,1.0,I,0
4,45,2845,1.0,I,0
4,45,2846,1.0,I,0
4,45,2847,1.0,I,0
4,45,2848,1.0,I,0
4,45,2849,1.0,I,0
4,45,2850,1.0,I,0
4,45,2851,1.0,I,0
4,45,2852,1.0,I,0
4,45,2853,1.0,I,0
4,45,2854,1.0,I,0
4,45,2855,1.0,I,0
4,45,2856,1.0,I,0
4,45,2857,1.0,I,0
4,45,2858,1.0,I,0
4,45,2859,1.0,I,0
4,45,2860,1.0,I,0
4,45,2861,1.0,I,0
4,45,2862,1.0,I,0
4,45,2863,1.0,I,0
4,45,2864,1.0,I,0
4,45,2865,1.0,I,0
4,45,2866,1.0,I,0
4,45,2867,1.0,I,0
4,45,2868,1.0,I,0
4,45,2869,1.0,I,0
4,45,2870,1.0,I,0
4,45,2871,1.0,I,0
4,45,2872,1.0,I,0
4,45,2873,1.0,I,0
4,45,2874,1.0,I,0
4,45,2875,1.0,I,0
4,45,2876,1.0,I,0
4,45,2877,1.0,I,0
4,45,2878,1.0,I,0
4,45,2879,1.0,I,0
4,45,2880,1.0,I,0
4,45,2881,1.0,I,0
4,45,2882,1.0,I,0
4,45,2883,1.0,I,0
4,45,2884,1.0,I,0
4,45,2885,1.0,I,0
4,45,2886,1.0,I,0
4,45,2887,1.0,I,0
4,45,2888,1.0,I,0
4,45,2889,1.0,I,0
4,45,2890,1.0,I,0
4,45,2891,1.0,I,0
4,45,2892,1.0,I,0
4,45,2893,1.0,I,0
4,45,2894,1.0,I,0
4,45,2895,1.0,I,0
4,45,2896,1.0,I,0
4,45,2897,1.0,I,0
4,45,2898,1.0,I,0
4,45,2899,1.0,I,0
4,45,2900,1.0,I,0
4,45,2901,1.0,I,0
4,45,2902,1.0,I,0
4,45,2903,1.0,I,0
4,45,2904,1.0,I,0
4,45,2905,1.0,I,0
4,45,2906,1.0,I,0
4,45,2907,1.0,I,0
4,45,2908,1.0,I,0
4,45,2909,1.0,I,0
4,45,2910,1.0,I,0
4,45,2911,1.0,I,0
4,45,2912,1.0,I,0
4,45,2913,1.0,I,0
4,45,2914,1.0,I,0
4,45,2915,1.0,I,0
4,45,2916,1.0,I,0
4,45,2917,1.0,I,0
4,45,2918,1.0,I,0
4,45,2919,1.0,I,0
4,45,2920,1.0,I,0
4,45,2921,1.0,I,0
4,45,2922,1.0,I,0
4,45,2923,1.0,I,0
4,45,2924,1.0,I,0
4,45,2925,1.0,I,0
4,45,2926,1.0,I,0
4,45,2927,1.0,I,0
4,45,2928,1.0,I,0
4,45,2929,1.0,I,0
4,45,2930,1.0,I,0
4,45,2931,1.0,I,0
4,45,2932,1.0,I,0
4,45,2933,1.0,I,0
4,45,2934,1.0,I,0
4,45,2935,1.0,I,0
4,45,2936,1.0,I,0
4,45,2937,1.0,I,0
4,45,2938,1.0,I,0
4,45,2939,1.0,I,0
4,45,2940,1.0,I,0
4,45,2941,1.0,I,0
4,45,2942,1.0,I,0
4,45,2943,1.0,I,0
4,45,2944,1.0,I,0
4,45,2945,1.0,I,0
4,45,2946,1.0,I,0
4,45,2947,1.0,I,0
4,45,2948,1.0,I,0
4,45,2949,1.0,I,0
4,45,2950,1.0,I,0
4,45,2951,1.0,I,0
4,45,2952,1.0,I,0
4,45,2953,1.0,I,0
4,45,2954,1.0,I,0
4,45,2955,1.0,I,0
4,45,2956,1.0,I,0
4,45,2957,1.0,I,0
4,45,2958,1.0,I,0
4,45,2959,1.0,I,0
4,45,2960,1.0,I,0
4,45,2961,1.0,I,0
4,45,2962,1.0,I,0
4,45,2963,1.0,I,0
4,45,2964,1.0,I,0
4,45,2965,1.0,I,0
4,45,2966,1.0,I,0
4,45,2967,1.0,I,0
4,45,2968,1.0,I,0
4,45,2969,1.0,I,0
4,45,2970,1.0,I,0
4,45,2971,1.0,I,0
4,45,2972,1.0,I,0
4,45,2973,1.0,I,0
4,45,2974,1.0,I,0
4,45,2975,1.0,I,0
4,45,2976,1.0,I,0
4,45,2977,1.0,I,0
4,45,2978,1.0,I,0
4,45,2979,1.0,I,0
4,45,2980,1.0,I,0
4,45,2981,1.0,I,0
4,45,2982,1.0,I,0
4,45,2983,1.0,I,0
4,45,2984,1.0,I,0
4,45,2985,1.0,I,0
4,45,2986,1.0,I,0
4,45,2987,1.0,I,0
4,45,2988,1.0,I,0
4,45,2989,1.0,I,0
4,45,2990,1.0,I,0
4,45,2991,1.0,I,0
4,45,2992,1.0,I,0
4,45,2993,1.0,I,0
4,45,2994,1.0,I,0
4,45,2995,1.0,I,0
4,45,2996,1.0,I,0
4,45,2997,1.0,I,0
4,45,2998,1.0,I,0
4,45,2999,1.0,I,0
4,45,3000,1.0,I,0
4,45,3001,1.0,I,0
4,45,3002,1.0,I,0
4,45,3003,1.0,I,0
4,45,3004,1.0,I,0
4,45,3005,1.0,I,0
4,45,3006,1.0,I,0
4,45,3007,1.0,I,0
4,45,3008,1.0,I,0
4,45,3009,1.0,I,0
4,45,3010,1.0,I,0
4,45,3011,1.0,I,0
4,45,3012,1.0,I,0
4,45,3013,1.0,I,0
4,45,3014,1.0,I,0
4,45,3015,1.0,I,0
4,45,3016,1.0,I,0
4,45,3017,1.0,I,0
4,45,3018,1.0,I,0
4,45,3019,1.0,I,0
4,45,3020,1.0,I,0
4,45,3021,1.0,I,0
4,45,3022,1.0,I,0
4,45,3023,1.0,I,0
4,45,3024,1.0,I,0
4,45,3025,1.0,I,0
4,45,3026,1.0,I,0
4,45,3027,1.0,I,0
4,45,3028,1.0,I,0
4,45,3029,1.0,I,0
4,45,3030,1.0,I,0
4,45,3031,1.0,I,0
4,45,3032,1.0,I,0
4,45,3033,1.0,I,0
4,45,3034,1.0,I,0
4,45,3035,1.0,I,0
4,45,3036,1.0,I,0
4,45,3037,1.0,I,0
4,45,3038,1.0,I,0
4,45,3039,1.0,I,0
4,45,3040,1.0,I,0
4,45,3041,1.0,I,0
4,45,3042,1.0,I,0
4,45,3043,1.0,I,0
4,45,3044,1.0,I,0
4,45,3045,1.0,I,0
4,45,3046,1.0,I,0
4,45,3047,1.0,I,0
4,45,3048,1.0,I,0
4,45,3049,1.0,I,0
4,45,3050,1.0,I,0
4,45,3051,1.0,I,0
4,45,3052,1.0,I,0
4,45,3053,1.0,I,0
4,45,3054,1.0,I,0
4,45,3055,1.0,I,0
4,45,3056,1.0,I,0
4,45,3057,1.0,I,0
4,45,3058,1.0,I,0
4,45,3059,1.0,I,0
4,45,3060,1.0,I,0
4,45,3061,1.0,I,0
4,45,3062,1.0,I,0
4,45,3063,1.0,I,0
4,45,3064,1.0,I,0
4,45,3065,1.0,I,0
4,45,3066,1.0,I,0
4,45,3067,1.0,I,0
4,45,3068,1.0,I,0
4,45,3069,1.0,I,0
4,45,3070,1.0,I,0
4,45,3071,1.0,I,0
4,45,3072,1.0,I,0
4,45,3073,1.0,I,0
4,45,3074,1.0,I,0
4,45,3075,1.0,I,0
4,45,3076,1.0,I,0
4,45,3077,1.0,I,0
4,45,3078,1.0,I,0
4,45,3079,1.0,I,0
4,45,3080,1.0,I,0
4,45,3081,1.0,I,0
4,45,3082,1.0,I,0
4,45,3083,1.0,I,0
4,45,3084,1.0,I,0
4,45,3085,1.0,I,0
4,45,3086,1.0,I,0
4,45,3087,1.0,I,0
4,45,3088,1.0,I,0
4,45,3089,1.0,I,0
4,45,3090,1.0,I,0
4,45,3091,1.0,I,0
4,45,3092,1.0,I,0
4,45,3093,1.0,I,0
4,45,3094,1.0,I,0
4,45,3095,1.0,I,0
4,45,3096,1.0,I,0
4,45,3097,1.0,I,0
4,45,3098,1.0,I,0
4,45,3099,1.0,I,0
4,45,3100,1.0,I,0
4,45,3101,1.0,I,0
4,45,3102,1.0,I,0
4,45,3103,1.0,I,0
4,45,3104,1.0,I,0
4,45,3105,1.0,I,0
4,45,3106,1.0,I,0
4,45,3107,1.0,I,0
4,45,3108,1.0,I,0
4,45,3109,1.0,I,0
4,45,3110,1.0,I,0
4,45,3111,1.0,I,0
4,45,3112,1.0,I,0
4,45,3113,1.0,I,0
4,45,3114,1.0,I,0
4,45,3115,1.0,I,0
4,45,3116,1.0,I,0
4,45,3117,1.0,I,0
4,45,3118,1.0,I,0
4,45,3119,1.0,I,0
4,45,3120,1.0,I,0
4,45,3121,1.0,I,0
4,45,3122,1.0,I,0
4,45,3123,1.0,I,0
4,45,3124,1.0,I,0
4,45,3125,1.0,I,0
4,45,3126,1.0,I,0
4,45,3127,1.0,I,0
4,45,3128,1.0,I,0
4,45,3129,1.0,I,0
4,45,3130,1.0,I,0
4,45,3131,1.0,I,0
4,45,3132,1.0,I,0
4,45,3133,1.0,I,0
4,45,3134,1.0,I,0
4,45,3135,1.0,I,0
4,45,3136,1.0,I,0
4,45,3137,1.0,I,0
4,45,3138,1.0,I,0
4,45,3139,1.0,I,0
4,45,3140,1.0,I,0
4,45,3141,1.0,I,0
4,45,3142,1.0,I,0
4,45,3143,1.0,I,0
4,45,3144,1.0,I,0
4,45,3145,1.0,I,0
4,45,3146,1.0,I,0
4,45,3147,1.0,I,0
4,45,3148,1.0,I,0
4,45,3149,1.0,I,0
4,45,3150,1.0,I,0
4,45,3151,1.0,I,0
4,45,3152,1.0,I,0
4,45,3153,1.0,I,0
4,45,3154,1.0,I,0
4,45,3155,1.0,I,0
4,45,3156,1.0,I,0
4,45,3157,1.0,I,0
4,45,3158,1.0,I,0
4,45,3159,1.0,I,0
4,45,3160,1.0,I,0
4,45,3161,1.0,I,0
4,45,3162,1.0,I,0
4,45,3163,1.0,I,0
4,45,3164,1.0,I,0
4,45,3165,1.0,I,0
4,45,3166,1.0,I,0
4,45,3167,1.0,I,0
4,45,3168,1.0,I,0
4,45,3169,1.0,I,0
4,45,3170,1.0,I,0
4,45,3171,1.0,I,0
4,45,3172,1.0,I,0
4,45,3173,1.0,I,0
4,45,3174,1.0,I,0
4,45,3175,1.0,I,0
4,45,3176,1.0,I,0
4,45,3177,1.0,I,0
4,45,3178,1.0,I,0
4,45,3179,1.0,I,0
4,45,3180,1.0,I,0
4,45,3181,1.0,I,0
4,45,3182,1.0,I,0
4,45,3183,1.0,I,0
4,45,3184,1.0,I,0
4,45,3185,1.0,I,0
4,45,3186,1.0,I,0
4,45,3187,1.0,I,0
4,45,3188,1.0,I,0
4,45,3189,1.0,I,0
4,45,3190,1.0,I,0
4,45,3191,1.0,I,0
4,45,3192,1.0,I,0
4,45,3193,1.0,I,0
4,45,3194,1.0,I,0
4,45,3195,1.0,I,0
4,45,3196,1.0,I,0
4,45,3197,1.0,I,0
4,45,3198,1.0,I,0
4,45,3199,1.0,I,0
4,45,3200,1.0,I,0
4,45,3201,1.0,I,0
4,45,3202,1.0,I,0
4,45,3203,1.0,I,0
4,45,3204,1.0,I,0
4,45,3205,1.0,I,0
4,45,3206,1.0,I,0
4,45,3207,1.0,I,0
4,45,3208,1.0,I,0
4,45,3209,1.0,I,0
4,45,3210,1.0,I,0
4,45,3211,1.0,I,0
4,45,3212,1.0,I,0
4,45,3213,1.0,I,0
4,45,3214,1.0,I,0
4,45,3215,1.0,I,0
4,45,3216,1.0,I,0
4,45,3217,1.0,I,0
4,45,3218,1.0,I,0
4,45,3219,1.0,I,0
4,45,3220,1.0,I,0
4,45,3221,1.0,I,0
4,45,3222,1.0,I,0
4,45,3223,1.0,I,0
4,45,3224,1.0,I,0
4,45,3225,1.0,I,0
4,45,3226,1.0,I,0
4,45,3227,1.0,I,0
4,45,3228,1.0,I,0
4,45,3229,1.0,I,0
4,45,3230,1.0,I,0
4,45,3231,1.0,I,0
4,45,3232,1.0,I,0
4,45,3233,1.0,I,0
4,45,3234,1.0,I,0
4,45,3235,1.0,I,0
4,45,3236,1.0,I,0
4,45,3237,1.0,I,0
4,45,3238,1.0,I,0
4,45,3239,1.0,I,0
4,45,3240,1.0,I,0
4,45,3241,1.0,I,0
4,45,3242,1.0,I,0
4,45,3243,1.0,I,0
4,45,3244,1.0,I,0
4,45,3245,1.0,I,0
4,45,3246,1.0,I,0
4,45,3247,1.0,I,0
4,45,3248,1.0,I,0
4,45,3249,1.0,I,0
4,45,3250,1.0,I,0
4,45,3251,1.0,I,0
4,45,3252,1.0,I,0
4,45,3253,1.0,I,0
4,45,3254,1.0,I,0
4,45,3255,1.0,I,0
4,45,3256,1.0,I,0
4,45,3257,1.0,I,0
4,45,3258,1.0,I,0
4,45,3259,1.0,I,0
4,45,3260,1.0,I,0
4,45,3261,1.0,I,0
4,45,3262,1.0,I,0
4,45,3263,1.0,I,0
4,45,3264,1.0,I,0
4,45,3265,1.0,I,0
4,45,3266,1.0,I,0
4,45,3267,1.0,I,0
4,45,3268,1.0,I,0
4,45,3269,1.0,I,0
4,45,3270,1.0,I,0
4,45,3271,1.0,I,0
4,45,3272,1.0,I,0
4,45,3273,1.0,I,0
4,45,3274,1.0,I,0
4,45,3275,1.0,I,0
4,45,3276,1.0,I,0
4,45,3277,1.0,I,0
4,45,3278,1.0,I,0
4,45,3279,1.0,I,0
4,45,3280,1.0,I,0
4,45,3281,1.0,I,0
4,45,3282,1.0,I,0
4,45,3283,1.0,I,0
4,45,3284,1.0,I,0
4,45,3285,1.0,I,0
4,45,3286,1.0,I,0
4,45,3287,1.0,I,0
4,45,3288,1.0,I,0
4,45,3289,1.0,I,0
4,45,3290,1.0,I,0
4,45,3291,1.0,I,0
4,45,3292,1.0,I,0
4,45,3293,1.0,I,0
4,45,3294,1.0,I,0
4,45,3295,1.0,I,0
4,45,3296,1.0,I,0
4,45,3297,1.0,I,0
4,45,3298,1.0,I,0
4,45,3299,1.0,I,0
4,45,3300,1.0,I,0
4,45,3301,1.0,I,0
4,45,3302,1.0,I,0
4,45,3303,1.0,I,0
4,45,3304,1.0,I,0
4,45,3305,1.0,I,0
4,45,3306,1.0,I,0
4,45,3307,1.0,I,0
4,45,3308,1.0,I,0
4,45,3309,1.0,I,0
4,45,3310,1.0,I,0
4,45,3311,1.0,I,0
4,45,3312,1.0,I,0
4,45,3313,1.0,I,0
4,45,3314,1.0,I,0
4,45,3315,1.0,I,0
4,45,3316,1.0,I,0
4,45,3317,1.0,I,0
4,45,3318,1.0,I,0
4,45,3319,1.0,I,0
4,45,3320,1.0,I,0
4,45,3321,1.0,I,0
4,45,3322,1.0,I,0
4,45,3323,1.0,I,0
4,45,3324,1.0,I,0
4,45,3325,1.0,I,0
4,45,3326,1.0,I,0
4,45,3327,1.0,I,0
4,45,3328,1.0,I,0
4,45,3329,1.0,I,0
4,45,3330,1.0,I,0
4,45,3331,1.0,I,0
4,45,3332,1.0,I,0
4,45,3333,1.0,I,0
4,45,3334,1.0,I,0
4,45,3335,1.0,I,0
4,45,3336,1.0,I,0
4,45,3337,1.0,I,0
4,45,3338,1.0,I,0
4,45,3339,1.0,I,0
4,45,3340,1.0,I,0
4,45,3341,1.0,I,0
4,45,3342,1.0,I,0
4,45,3343,1.0,I,0
4,45,3344,1.0,I,0
4,45,3345,1.0,I,0
4,45,3346,1.0,I,0
4,45,3347,1.0,I,0
4,45,3348,1.0,I,0
4,45,3349,1.0,I,0
4,45,3350,1.0,I,0
4,45,3351,1.0,I,0
4,45,3352,1.0,I,0
4,45,3353,1.0,I,0
4,45,3354,1.0,I,0
4,45,3355,1.0,I,0
4,45,3356,1.0,I,0
4,45,3357,1.0,I,0
4,45,3358,1.0,I,0
4,45,3359,1.0,I,0
4,45,3360,1.0,I,0
4,45,3361,1.0,I,0
4,45,3362,1.0,I,0
4,45,3363,1.0,I,0
4,45,3364,1.0,I,0
4,45,3365,1.0,I,0
4,45,3366,1.0,I,0
4,45,3367,1.0,I,0
4,45,3368,1.0,I,0
4,45,3369,1.0,I,0
4,45,3370,1.0,I,0
4,45,3371,1.0,I,0
4,45,3372,1.0,I,0
4,45,3373,1.0,I,0
4,45,3374,1.0,I,0
4,45,3375,1.0,I,0
4,45,3376,1.0,I,0
4,45,3377,1.0,I,0
4,45,3378,1.0,I,0
4,45,3379,1.0,I,0
4,45,3380,1.0,I,0
4,45,3381,1.0,I,0
4,45,3382,1.0,I,0
4,45,3383,1.0,I,0
4,45,3384,1.0,I,0
4,45,3385,1.0,I,0
4,45,3386,1.0,I,0
4,45,3387,1.0,I,0
4,45,3388,1.0,I,0
4,45,3389,1.0,I,0
4,45,3390,1.0,I,0
4,45,3391,1.0,I,0
4,45,3392,1.0,I,0
4,45,3393,1.0,I,0
4,45,3394,1.0,I,0
4,45,3395,1.0,I,0
4,45,3396,1.0,I,0
4,45,3397,1.0,I,0
4,45,3398,1.0,I,0
4,45,3399,1.0,I,0
4,45,3400,1.0,I,0
4,45,3401,1.0,I,0
4,45,3402,1.0,I,0
4,45,3403,1.0,I,0
4,45,3404,1.0,I,0
4,45,3405,1.0,I,0
4,45,3406,1.0,I,0
4,45,3407,1.0,I,0
4,45,3408,1.0,I,0
4,45,3409,1.0,I,0
4,45,3410,1.0,I,0
4,45,3411,1.0,I,0
4,45,3412,1.0,I,0
4,45,3413,1.0,I,0
4,45,3414,1.0,I,0
4,45,3415,1.0,I,0
4,45,3416,1.0,I,0
4,45,3417,1.0,I,0
4,45,3418,1.0,I,0
4,45,3419,1.0,I,0
4,45,3420,1.0,I,0
4,45,3421,1.0,I,0
4,45,3422,1.0,I,0
4,45,3423,1.0,I,0
4,45,3424,1.0,I,0
4,45,3425,1.0,I,0
4,45,3426,1.0,I,0
4,45,3427,1.0,I,0
4,45,3428,1.0,I,0
4,45,3429,1.0,I,0
4,45,3430,1.0,I,0
4,45,3431,1.0,I,0
4,45,3432,1.0,I,0
4,45,3433,1.0,I,0
4,45,3434,1.0,I,0
4,45,3435,1.0,I,0
4,45,3436,1.0,I,0
4,45,3437,1.0,I,0
4,45,3438,1.0,I,0
4,45,3439,1.0,I,0
4,45,3440,1.0,I,0
4,45,3441,1.0,I,0
4,45,3442,1.0,I,0
4,45,3443,1.0,I,0
4,45,3444,1.0,I,0
4,45,3445,1.0,I,0
4,45,3446,1.0,I,0
4,45,3447,1.0,I,0
4,45,3448,1.0,I,0
4,45,3449,1.0,I,0
4,45,3450,1.0,I,0
4,45,3451,1.0,I,0
4,45,3452,1.0,I,0
4,45,3453,1.0,I,0
4,45,3454,1.0,I,0
4,45,3455,1.0,I,0
4,45,3456,1.0,I,0
4,45,3457,1.0,I,0
4,45,3458,1.0,I,0
4,45,3459,1.0,I,0
4,45,3460,1.0,I,0
4,45,3461,1.0,I,0
4,45,3462,1.0,I,0
4,45,3463,1.0,I,0
4,45,3464,1.0,I,0
4,45,3465,1.0,I,0
4,45,3466,1.0,I,0
4,45,3467,1.0,I,0
4,45,3468,1.0,I,0
4,45,3469,1.0,I,0
4,45,3470,1.0,I,0
4,45,3471,1.0,I,0
4,45,3472,1.0,I,0
4,45,3473,1.0,I,0
4,45,3474,1.0,I,0
4,45,3475,1.0,I,0
4,45,3476,1.0,I,0
4,45,3477,1.0,I,0
4,45,3478,1.0,I,0
4,45,3479,1.0,I,0
4,45,3480,1.0,I,0
4,45,3481,1.0,I,0
4,45,3482,1.0,I,0
4,45,3483,1.0,I,0
4,45,3484,1.0,I,0
4,45,3485,1.0,I,0
4,45,3486,1.0,I,0
4,45,3487,1.0,I,0
4,45,3488,1.0,I,0
4,45,3489,1.0,I,0
4,45,3490,1.0,I,0
4,45,3491,1.0,I,0
4,45,3492,1.0,I,0
4,45,3493,1.0,I,0
4,45,3494,1.0,I,0
4,45,3495,1.0,I,0
4,45,3496,1.0,I,0
4,45,3497,1.0,I,0
4,45,3498,1.0,I,0
4,45,3499,1.0,I,0
4,45,3500,1.0,I,0
4,45,3501,1.0,I,0
4,45,3502,1.0,I,0
4,45,3503,1.0,I,0
4,45,3504,1.0,I,0
4,45,3505,1.0,I,0
4,45,3506,1.0,I,0
4,45,3507,1.0,I,0
4,45,3508,1.0,I,0
4,45,3509,1.0,I,0
4,45,3510,1.0,I,0
4,45,3511,1.0,I,0
4,45,3512,1.0,I,0
4,45,3513,1.0,I,0
4,45,3514,1.0,I,0
4,45,3515,1.0,I,0
4,45,3516,1.0,I,0
4,45,3517,1.0,I,0
4,45,3518,1.0,I,0
4,45,3519,1.0,I,0
4,45,3520,1.0,I,0
4,45,3521,1.0,I,0
4,45,3522,1.0,I,0
4,45,3523,1.0,I,0
4,45,3524,1.0,I,0
4,45,3525,1.0,I,0
4,45,3526,1.0,I,0
4,45,3527,1.0,I,0
4,45,3528,1.0,I,0
4,45,3529,1.0,I,0
4,45,3530,1.0,I,0
4,45,3531,1.0,I,0
4,45,3532,1.0,I,0
4,45,3533,1.0,I,0
4,45,3534,1.0,I,0
4,45,3535,1.0,I,0
4,45,3536,1.0,I,0
4,45,3537,1.0,I,0
4,45,3538,1.0,I,0
4,45,3539,1.0,I,0
4,45,3540,1.0,I,0
4,45,3541,1.0,I,0
4,45,3542,1.0,I,0
4,45,3543,1.0,I,0
4,45,3544,1.0,I,0
4,45,3545,1.0,I,0
4,45,3546,1.0,I,0
4,45,3547,1.0,I,0
4,45,3548,1.0,I,0
4,45,3549,1.0,I,0
4,45,3550,1.0,I,0
4,45,3551,1.0,I,0
4,45,3552,1.0,I,0
4,45,3553,1.0,I,0
4,45,3554,1.0,I,0
4,45,3555,1.0,I,0
4,45,3556,1.0,I,0
4,45,3557,1.0,I,0
4,45,3558,1.0,I,0
4,45,3559,1.0,I,0
4,45,3560,1.0,I,0
4,45,3561,1.0,I,0
4,45,3562,1.0,I,0
4,45,3563,1.0,I,0
4,45,3564,1.0,I,0
4,45,3565,1.0,I,0
4,45,3566,1.0,I,0
4,45,3567,1.0,I,0
4,45,3568,1.0,I,0
4,45,3569,1.0,I,0
4,45,3570,1.0,I,0
4,45,3571,1.0,I,0
4,45,3572,1.0,I,0
4,45,3573,1.0,I,0
4,45,3574,1.0,I,0
4,45,3575,1.0,I,0
4,45,3576,1.0,I,0
4,45,3577,1.0,I,0
4,45,3578,1.0,I,0
4,45,3579,1.0,I,0
4,45,3580,1.0,I,0
4,45,3581,1.0,I,0
4,45,3582,1.0,I,0
4,45,3583,1.0,I,0
4,45,3584,1.0,I,0
4,45,3585,1.0,I,0
4,45,3586,1.0,I,0
4,45,3587,1.0,I,0
4,45,3588,1.0,I,0
4,45,3589,1.0,I,0
4,45,3590,1.0,I,0
4,45,3591,1.0,I,0
4,45,3592,1.0,I,0
4,45,3593,1.0,I,0
4,45,3594,1.0,I,0
4,45,3595,1.0,I,0
4,45,3596,1.0,I,0
4,45,3597,1.0,I,0
4,45,3598,1.0,I,0
4,45,3599,1.0,I,0
4,45,3600,1.0,I,0
4,45,3601,1.0,I,0
4,45,3602,1.0,I,0
4,45,3603,1.0,I,0
4,45,3604,1.0,I,0
4,45,3605,1.0,I,0
4,45,3606,1.0,I,0
4,45,3607,1.0,I,0
4,45,3608,1.0,I,0
4,45,3609,1.0,I,0
4,45,3610,1.0,I,0
4,45,3611,1.0,I,0
4,45,3612,1.0,I,0
4,45,3613,1.0,I,0
4,45,3614,1.0,I,0
4,45,3615,1.0,I,0
4,45,3616,1.0,I,0
4,45,3617,1.0,I,0
4,45,3618,1.0,I,0
4,45,3619,1.0,I,0
4,45,3620,1.0,I,0
4,45,3621,1.0,I,0
4,45,3622,1.0,I,0
4,45,3623,1.0,I,0
4,45,3624,1.0,I,0
4,45,3625,1.0,I,0
4,45,3626,1.0,I,0
4,45,3627,1.0,I,0
4,45,3628,1.0,I,0
4,45,3629,1.0,I,0
4,45,3630,1.0,I,0
4,45,3631,1.0,I,0
4,45,3632,1.0,I,0
4,45,3633,1.0,I,0
4,45,3634,1.0,I,0
4,45,3635,1.0,I,0
4,45,3636,1.0,I,0
4,45,3637,1.0,I,0
4,45,3638,1.0,I,0
4,45,3639,1.0,I,0
4,45,3640,1.0,I,0
4,45,3641,1.0,I,0
4,45,3642,1.0,I,0
4,45,3643,1.0,I,0
4,45,3644,1.0,I,0
4,45,3645,1.0,I,0
4,45,3646,1.0,I,0
4,45,3647,1.0,I,0
4,45,3648,1.0,I,0
4,45,3649,1.0,I,0
4,45,3650,1.0,I,0
4,45,3651,1.0,I,0
4,45,3652,1.0,I,0
4,45,3653,1.0,I,0
4,45,3654,1.0,I,0
4,45,3655,1.0,I,0
4,45,3656,1.0,I,0
4,45,3657,1.0,I,0
4,45,3658,1.0,I,0
4,45,3659,1.0,I,0
4,45,3660,1.0,I,0
4,45,3661,1.0,I,0
4,45,3662,1.0,I,0
4,45,3663,1.0,I,0
4,45,3664,1.0,I,0
4,45,3665,1.0,I,0
4,45,3666,1.0,I,0
4,45,3667,1.0,I,0
4,45,3668,1.0,I,0
4,45,3669,1.0,I,0
4,45,3670,1.0,I,0
4,45,3671,1.0,I,0
4,45,3672,1.0,I,0
4,45,3673,1.0,I,0
4,45,3674,1.0,I,0
4,45,3675,1.0,I,0
4,45,3676,1.0,I,0
4,45,3677,1.0,I,0
4,45,3678,1.0,I,0
4,45,3679,1.0,I,0
4,45,3680,1.0,I,0
4,45,3681,1.0,I,0
4,45,3682,1.0,I,0
4,45,3683,1.0,I,0
4,45,3684,1.0,I,0
4,45,3685,1.0,I,0
4,45,3686,1.0,I,0
4,45,3687,1.0,I,0
4,45,3688,1.0,I,0
4,45,3689,1.0,I,0
4,45,3690,1.0,I,0
4,45,3691,1.0,I,0
4,45,3692,1.0,I,0
4,45,3693,1.0,I,0
4,45,3694,1.0,I,0
4,45,3695,1.0,I,0
4,45,3696,1.0,I,0
4,45,3697,1.0,I,0
4,45,3698,1.0,I,0
4,45,3699,1.0,I,0
4,45,3700,1.0,I,0
4,45,3701,1.0,I,0
4,45,3702,1.0,I,0
4,45,3703,1.0,I,0
4,45,3704,1.0,I,0
4,45,3705,1.0,I,0
4,45,3706,1.0,I,0
4,45,3707,1.0,I,0
4,45,3708,1.0,I,0
4,45,3709,1.0,I,0
4,45,3710,1.0,I,0
4,45,3711,1.0,I,0
4,45,3712,1.0,I,0
4,45,3713,1.0,I,0
4,45,3714,1.0,I,0
4,45,3715,1.0,I,0
4,45,3716,1.0,I,0
4,45,3717,1.0,I,0
4,45,3718,1.0,I,0
4,45,3719,1.0,I,0
4,45,3720,1.0,I,0
4,45,3721,1.0,I,0
4,45,3722,1.0,I,0
4,45,3723,1.0,I,0
4,45,3724,1.0,I,0
4,45,3725,1.0,I,0
4,45,3726,1.0,I,0
4,45,3727,1.0,I,0
4,45,3728,1.0,I,0
4,45,3729,1.0,I,0
4,45,3730,1.0,I,0
4,45,3731,1.0,I,0
4,45,3732,1.0,I,0
4,45,3733,1.0,I,0
4,45,3734,1.0,I,0
4,45,3735,1.0,I,0
4,45,3736,1.0,I,0
4,45,3737,1.0,I,0
4,45,3738,1.0,I,0
4,45,3739,1.0,I,0
4,45,3740,1.0,I,0
4,45,3741,1.0,I,0
4,45,3742,1.0,I,0
4,45,3743,1.0,I,0
4,45,3744,1.0,I,0
4,45,3745,1.0,I,0
4,45,3746,1.0,I,0
4,45,3747,1.0,I,0
4,45,3748,1.0,I,0
4,45,3749,1.0,I,0
4,45,3750,1.0,I,0
4,45,3751,1.0,I,0
4,45,3752,1.0,I,0
4,45,3753,1.0,I,0
4,45,3754,1.0,I,0
4,45,3755,1.0,I,0
4,45,3756,1.0,I,0
4,45,3757,1.0,I,0
4,45,3758,1.0,I,0
4,45,3759,1.0,I,0
4,45,3760,1.0,I,0
4,45,3761,1.0,I,0
4,45,3762,1.0,I,0
4,45,3763,1.0,I,0
4,45,3764,1.0,I,0
4,45,3765,1.0,I,0
4,45,3766,1.0,I,0
4,45,3767,1.0,I,0
4,45,3768,1.0,I,0
4,45,3769,1.0,I,0
4,45,3770,1.0,I,0
4,45,3771,1.0,I,0
4,45,3772,1.0,I,0
4,45,3773,1.0,I,0
4,45,3774,1.0,I,0
4,45,3775,1.0,I,0
4,45,3776,1.0,I,0
4,45,3777,1.0,I,0
4,45,3778,1.0,I,0
4,45,3779,1.0,I,0
4,45,3780,1.0,I,0
4,45,3781,1.0,I,0
4,45,3782,1.0,I,0
4,45,3783,1.0,I,0
4,45,3784,1.0,I,0
4,45,3785,1.0,I,0
4,45,3786,1.0,I,0
4,45,3787,1.0,I,0
4,45,3788,1.0,I,0
4,45,3789,1.0,I,0
4,45,3790,1.0,I,0
4,45,3791,1.0,I,0
4,45,3792,1.0,I,0
4,45,3793,1.0,I,0
4,45,3794,1.0,I,0
4,45,3795,1.0,I,0
4,45,3796,1.0,I,0
4,45,3797,1.0,I,0
4,45,3798,1.0,I,0
4,45,3799,1.0,I,0
4,45,3800,1.0,I,0
4,45,3801,1.0,I,0
4,45,3802,1.0,I,0
4,45,3803,1.0,I,0
4,45,3804,1.0,I,0
4,45,3805,1.0,I,0
4,45,3806,1.0,I,0
4,45,3807,1.0,I,0
4,45,3808,1.0,I,0
4,45,3809,1.0,I,0
4,45,3810,1.0,I,0
4,45,3811,1.0,I,0
4,45,3812,1.0,I,0
4,45,3813,1.0,I,0
4,45,3814,1.0,I,0
4,45,3815,1.0,I,0
4,45,3816,1.0,I,0
4,45,3817,1.0,I,0
4,45,3818,1.0,I,0
4,45,3819,1.0,I,0
4,45,3820,1.0,I,0
4,45,3821,1.0,I,0
4,45,3822,1.0,I,0
4,45,3823,1.0,I,0
4,45,3824,1.0,I,0
4,45,3825,1.0,I,0
4,45,3826,1.0,I,0
4,45,3827,1.0,I,0
4,45,3828,1.0,I,0
4,45,3829,1.0,I,0
4,45,3830,1.0,I,0
4,45,3831,1.0,I,0
4,45,3832,1.0,I,0
4,45,3833,1.0,I,0
4,45,3834,1.0,I,0
4,45,3835,1.0,I,0
4,45,3836,1.0,I,0
4,45,3837,1.0,I,0
4,45,3838,1.0,I,0
4,45,3839,1.0,I,0
4,45,3840,1.0,I,0
4,45,3841,1.0,I,0
4,45,3842,1.0,I,0
4,45,3843,1.0,I,0
4,45,3844,1.0,I,0
4,45,3845,1.0,I,0
4,45,3846,1.0,I,0
4,45,3847,1.0,I,0
4,45,3848,1.0,I,0
4,45,3849,1.0,I,0
4,45,3850,1.0,I,0
4,45,3851,1.0,I,0
4,45,3852,1.0,I,0
4,45,3853,1.0,I,0
4,45,3854,1.0,I,0
4,45,3855,1.0,I,0
4,45,3856,1.0,I,0
4,45,3857,1.0,I,0
4,45,3858,1.0,I,0
4,45,3859,1.0,I,0
4,45,3860,1.0,I,0
4,45,3861,1.0,I,0
4,45,3862,1.0,I,0
4,45,3863,1.0,I,0
4,45,3864,1.0,I,0
4,45,3865,1.0,I,0
4,45,3866,1.0,I,0
4,45,3867,1.0,I,0
4,45,3868,1.0,I,0
4,45,3869,1.0,I,0
4,45,3870,1.0,I,0
4,45,3871,1.0,I,0
4,45,3872,1.0,I,0
4,45,3873,1.0,I,0
4,45,3874,1.0,I,0
4,45,3875,1.0,I,0
4,45,3876,1.0,I,0
4,45,3877,1.0,I,0
4,45,3878,1.0,I,0
4,45,3879,1.0,I,0
4,45,3880,1.0,I,0
4,45,3881,1.0,I,0
4,45,3882,1.0,I,0
4,45,3883,1.0,I,0
4,45,3884,1.0,I,0
4,45,3885,1.0,I,0
4,45,3886,1.0,I,0
4,45,3887,1.0,I,0
4,45,3888,1.0,I,0
4,45,3889,1.0,I,0
4,45,3890,1.0,I,0
4,45,3891,1.0,I,0
4,45,3892,1.0,I,0
4,45,3893,1.0,I,0
4,45,3894,1.0,I,0
4,45,3895,1.0,I,0
4,45,3896,1.0,I,0
4,45,3897,1.0,I,0
4,45,3898,1.0,I,0
4,45,3899,1.0,I,0
4,45,3900,1.0,I,0
4,45,3901,1.0,I,0
4,45,3902,1.0,I,0
4,45,3903,1.0,I,0
4,45,3904,1.0,I,0
4,45,3905,1.0,I,0
4,45,3906,1.0,I,0
4,45,3907,1.0,I,0
4,45,3908,1.0,I,0
4,45,3909,1.0,I,0
4,45,3910,1.0,I,0
4,45,3911,1.0,I,0
4,45,3912,1.0,I,0
4,45,3913,1.0,I,0
4,45,3914,1.0,I,0
4,45,3915,1.0,I,0
4,45,3916,1.0,I,0
4,45,3917,1.0,I,0
4,45,3918,1.0,I,0
4,45,3919,1.0,I,0
4,45,3920,1.0,I,0
4,45,3921,1.0,I,0
4,45,3922,1.0,I,0
4,45,3923,1.0,I,0
4,45,3924,1.0,I,0
4,45,3925,1.0,I,0
4,45,3926,1.0,I,0
4,45,3927,1.0,I,0
4,45,3928,1.0,I,0
4,45,3929,1.0,I,0
4,45,3930,1.0,I,0
4,45,3931,1.0,I,0
4,45,3932,1.0,I,0
4,45,3933,1.0,I,0
4,45,3934,1.0,I,0
4,45,3935,1.0,I,0
4,45,3936,1.0,I,0
4,45,3937,1.0,I,0
4,45,3938,1.0,I,0
4,45,3939,1.0,I,0
4,45,3940,1.0,I,0
4,45,3941,1.0,I,0
4,45,3942,1.0,I,0
4,45,3943,1.0,I,0
4,45,3944,1.0,I,0
4,45,3945,1.0,I,0
4,45,3946,1.0,I,0
4,45,3947,1.0,I,0
4,45,3948,1.0,I,0
4,45,3949,1.0,I,0
4,45,3950,1.0,I,0
4,45,3951,1.0,I,0
4,45,3952,1.0,I,0
4,45,3953,1.0,I,0
4,45,3954,1.0,I,0
4,45,3955,1.0,I,0
4,45,3956,1.0,I,0
4,45,3957,1.0,I,0
4,45,3958,1.0,I,0
4,45,3959,1.0,I,0
4,45,3960,1.0,I,0
4,45,3961,1.0,I,0
4,45,3962,1.0,I,0
4,45,3963,1.0,I,0
4,45,3964,1.0,I,0
4,45,3965,1.0,I,0
4,45,3966,1.0,I,0
4,45,3967,1.0,I,0
4,45,3968,1.0,I,0
4,45,3969,1.0,I,0
4,45,3970,1.0,I,0
4,45,3971,1.0,I,0
4,45,3972,1.0,I,0
4,45,3973,1.0,I,0
4,45,3974,1.0,I,0
4,45,3975,1.0,I,0
4,45,3976,1.0,I,0
4,45,3977,1.0,I,0
4,45,3978,1.0,I,0
4,45,3979,1.0,I,0
4,45,3980,1.0,I,0
4,45,3981,1.0,I,0
4,45,3982,1.0,I,0
4,45,3983,1.0,I,0
4,45,3984,1.0,I,0
4,45,3985,1.0,I,0
4,45,3986,1.0,I,0
4,45,3987,1.0,I,0
4,45,3988,1.0,I,0
4,45,3989,1.0,I,0
4,45,3990,1.0,I,0
4,45,3991,1.0,I,0
4,45,3992,1.0,I,0
4,45,3993,1.0,I,0
4,45,3994,1.0,I,0
4,45,3995,1.0,I,0
4,45,3996,1.0,I,0
4,45,3997,1.0,I,0
4,45,3998,1.0,I,0
4,45,3999,1.0,I,0
4,45,4000,1.0,I,0
